0 0 0 0 
0 0 15 0 
0 0 15 60 
0 0 15 120 
0 0 15 180 
0 0 15 240 
0 0 15 300 
0 0 30 0 
0 0 30 30 
0 0 30 60 
0 0 30 90 
0 0 30 120 
0 0 30 150 
0 0 30 180 
0 0 30 210 
0 0 30 240 
0 0 30 270 
0 0 30 300 
0 0 30 330 
0 0 45 0 
0 0 45 20 
0 0 45 40 
0 0 45 60 
0 0 45 80 
0 0 45 100 
0 0 45 120 
0 0 45 140 
0 0 45 160 
0 0 45 180 
0 0 45 200 
0 0 45 220 
0 0 45 240 
0 0 45 260 
0 0 45 280 
0 0 45 300 
0 0 45 320 
0 0 45 340 
0 0 60 0 
0 0 60 18 
0 0 60 36 
0 0 60 54 
0 0 60 72 
0 0 60 90 
0 0 60 108 
0 0 60 126 
0 0 60 144 
0 0 60 162 
0 0 60 180 
0 0 60 198 
0 0 60 216 
0 0 60 234 
0 0 60 252 
0 0 60 270 
0 0 60 288 
0 0 60 306 
0 0 60 324 
0 0 60 342 
0 0 75 0 
0 0 75 15 
0 0 75 30 
0 0 75 45 
0 0 75 60 
0 0 75 75 
0 0 75 90 
0 0 75 105 
0 0 75 120 
0 0 75 135 
0 0 75 150 
0 0 75 165 
0 0 75 180 
0 0 75 195 
0 0 75 210 
0 0 75 225 
0 0 75 240 
0 0 75 255 
0 0 75 270 
0 0 75 285 
0 0 75 300 
0 0 75 315 
0 0 75 330 
0 0 75 345 
15 0 0 0 
15 0 15 0 
15 0 15 60 
15 0 15 120 
15 0 15 180 
15 0 15 240 
15 0 15 300 
15 0 30 0 
15 0 30 30 
15 0 30 60 
15 0 30 90 
15 0 30 120 
15 0 30 150 
15 0 30 180 
15 0 30 210 
15 0 30 240 
15 0 30 270 
15 0 30 300 
15 0 30 330 
15 0 45 0 
15 0 45 20 
15 0 45 40 
15 0 45 60 
15 0 45 80 
15 0 45 100 
15 0 45 120 
15 0 45 140 
15 0 45 160 
15 0 45 180 
15 0 45 200 
15 0 45 220 
15 0 45 240 
15 0 45 260 
15 0 45 280 
15 0 45 300 
15 0 45 320 
15 0 45 340 
15 0 60 0 
15 0 60 18 
15 0 60 36 
15 0 60 54 
15 0 60 72 
15 0 60 90 
15 0 60 108 
15 0 60 126 
15 0 60 144 
15 0 60 162 
15 0 60 180 
15 0 60 198 
15 0 60 216 
15 0 60 234 
15 0 60 252 
15 0 60 270 
15 0 60 288 
15 0 60 306 
15 0 60 324 
15 0 60 342 
15 0 75 0 
15 0 75 15 
15 0 75 30 
15 0 75 45 
15 0 75 60 
15 0 75 75 
15 0 75 90 
15 0 75 105 
15 0 75 120 
15 0 75 135 
15 0 75 150 
15 0 75 165 
15 0 75 180 
15 0 75 195 
15 0 75 210 
15 0 75 225 
15 0 75 240 
15 0 75 255 
15 0 75 270 
15 0 75 285 
15 0 75 300 
15 0 75 315 
15 0 75 330 
15 0 75 345 
15 60 0 0 
15 60 15 0 
15 60 15 60 
15 60 15 120 
15 60 15 180 
15 60 15 240 
15 60 15 300 
15 60 30 0 
15 60 30 30 
15 60 30 60 
15 60 30 90 
15 60 30 120 
15 60 30 150 
15 60 30 180 
15 60 30 210 
15 60 30 240 
15 60 30 270 
15 60 30 300 
15 60 30 330 
15 60 45 0 
15 60 45 20 
15 60 45 40 
15 60 45 60 
15 60 45 80 
15 60 45 100 
15 60 45 120 
15 60 45 140 
15 60 45 160 
15 60 45 180 
15 60 45 200 
15 60 45 220 
15 60 45 240 
15 60 45 260 
15 60 45 280 
15 60 45 300 
15 60 45 320 
15 60 45 340 
15 60 60 0 
15 60 60 18 
15 60 60 36 
15 60 60 54 
15 60 60 72 
15 60 60 90 
15 60 60 108 
15 60 60 126 
15 60 60 144 
15 60 60 162 
15 60 60 180 
15 60 60 198 
15 60 60 216 
15 60 60 234 
15 60 60 252 
15 60 60 270 
15 60 60 288 
15 60 60 306 
15 60 60 324 
15 60 60 342 
15 60 75 0 
15 60 75 15 
15 60 75 30 
15 60 75 45 
15 60 75 60 
15 60 75 75 
15 60 75 90 
15 60 75 105 
15 60 75 120 
15 60 75 135 
15 60 75 150 
15 60 75 165 
15 60 75 180 
15 60 75 195 
15 60 75 210 
15 60 75 225 
15 60 75 240 
15 60 75 255 
15 60 75 270 
15 60 75 285 
15 60 75 300 
15 60 75 315 
15 60 75 330 
15 60 75 345 
15 120 0 0 
15 120 15 0 
15 120 15 60 
15 120 15 120 
15 120 15 180 
15 120 15 240 
15 120 15 300 
15 120 30 0 
15 120 30 30 
15 120 30 60 
15 120 30 90 
15 120 30 120 
15 120 30 150 
15 120 30 180 
15 120 30 210 
15 120 30 240 
15 120 30 270 
15 120 30 300 
15 120 30 330 
15 120 45 0 
15 120 45 20 
15 120 45 40 
15 120 45 60 
15 120 45 80 
15 120 45 100 
15 120 45 120 
15 120 45 140 
15 120 45 160 
15 120 45 180 
15 120 45 200 
15 120 45 220 
15 120 45 240 
15 120 45 260 
15 120 45 280 
15 120 45 300 
15 120 45 320 
15 120 45 340 
15 120 60 0 
15 120 60 18 
15 120 60 36 
15 120 60 54 
15 120 60 72 
15 120 60 90 
15 120 60 108 
15 120 60 126 
15 120 60 144 
15 120 60 162 
15 120 60 180 
15 120 60 198 
15 120 60 216 
15 120 60 234 
15 120 60 252 
15 120 60 270 
15 120 60 288 
15 120 60 306 
15 120 60 324 
15 120 60 342 
15 120 75 0 
15 120 75 15 
15 120 75 30 
15 120 75 45 
15 120 75 60 
15 120 75 75 
15 120 75 90 
15 120 75 105 
15 120 75 120 
15 120 75 135 
15 120 75 150 
15 120 75 165 
15 120 75 180 
15 120 75 195 
15 120 75 210 
15 120 75 225 
15 120 75 240 
15 120 75 255 
15 120 75 270 
15 120 75 285 
15 120 75 300 
15 120 75 315 
15 120 75 330 
15 120 75 345 
15 180 0 0 
15 180 15 0 
15 180 15 60 
15 180 15 120 
15 180 15 180 
15 180 15 240 
15 180 15 300 
15 180 30 0 
15 180 30 30 
15 180 30 60 
15 180 30 90 
15 180 30 120 
15 180 30 150 
15 180 30 180 
15 180 30 210 
15 180 30 240 
15 180 30 270 
15 180 30 300 
15 180 30 330 
15 180 45 0 
15 180 45 20 
15 180 45 40 
15 180 45 60 
15 180 45 80 
15 180 45 100 
15 180 45 120 
15 180 45 140 
15 180 45 160 
15 180 45 180 
15 180 45 200 
15 180 45 220 
15 180 45 240 
15 180 45 260 
15 180 45 280 
15 180 45 300 
15 180 45 320 
15 180 45 340 
15 180 60 0 
15 180 60 18 
15 180 60 36 
15 180 60 54 
15 180 60 72 
15 180 60 90 
15 180 60 108 
15 180 60 126 
15 180 60 144 
15 180 60 162 
15 180 60 180 
15 180 60 198 
15 180 60 216 
15 180 60 234 
15 180 60 252 
15 180 60 270 
15 180 60 288 
15 180 60 306 
15 180 60 324 
15 180 60 342 
15 180 75 0 
15 180 75 15 
15 180 75 30 
15 180 75 45 
15 180 75 60 
15 180 75 75 
15 180 75 90 
15 180 75 105 
15 180 75 120 
15 180 75 135 
15 180 75 150 
15 180 75 165 
15 180 75 180 
15 180 75 195 
15 180 75 210 
15 180 75 225 
15 180 75 240 
15 180 75 255 
15 180 75 270 
15 180 75 285 
15 180 75 300 
15 180 75 315 
15 180 75 330 
15 180 75 345 
15 240 0 0 
15 240 15 0 
15 240 15 60 
15 240 15 120 
15 240 15 180 
15 240 15 240 
15 240 15 300 
15 240 30 0 
15 240 30 30 
15 240 30 60 
15 240 30 90 
15 240 30 120 
15 240 30 150 
15 240 30 180 
15 240 30 210 
15 240 30 240 
15 240 30 270 
15 240 30 300 
15 240 30 330 
15 240 45 0 
15 240 45 20 
15 240 45 40 
15 240 45 60 
15 240 45 80 
15 240 45 100 
15 240 45 120 
15 240 45 140 
15 240 45 160 
15 240 45 180 
15 240 45 200 
15 240 45 220 
15 240 45 240 
15 240 45 260 
15 240 45 280 
15 240 45 300 
15 240 45 320 
15 240 45 340 
15 240 60 0 
15 240 60 18 
15 240 60 36 
15 240 60 54 
15 240 60 72 
15 240 60 90 
15 240 60 108 
15 240 60 126 
15 240 60 144 
15 240 60 162 
15 240 60 180 
15 240 60 198 
15 240 60 216 
15 240 60 234 
15 240 60 252 
15 240 60 270 
15 240 60 288 
15 240 60 306 
15 240 60 324 
15 240 60 342 
15 240 75 0 
15 240 75 15 
15 240 75 30 
15 240 75 45 
15 240 75 60 
15 240 75 75 
15 240 75 90 
15 240 75 105 
15 240 75 120 
15 240 75 135 
15 240 75 150 
15 240 75 165 
15 240 75 180 
15 240 75 195 
15 240 75 210 
15 240 75 225 
15 240 75 240 
15 240 75 255 
15 240 75 270 
15 240 75 285 
15 240 75 300 
15 240 75 315 
15 240 75 330 
15 240 75 345 
15 300 0 0 
15 300 15 0 
15 300 15 60 
15 300 15 120 
15 300 15 180 
15 300 15 240 
15 300 15 300 
15 300 30 0 
15 300 30 30 
15 300 30 60 
15 300 30 90 
15 300 30 120 
15 300 30 150 
15 300 30 180 
15 300 30 210 
15 300 30 240 
15 300 30 270 
15 300 30 300 
15 300 30 330 
15 300 45 0 
15 300 45 20 
15 300 45 40 
15 300 45 60 
15 300 45 80 
15 300 45 100 
15 300 45 120 
15 300 45 140 
15 300 45 160 
15 300 45 180 
15 300 45 200 
15 300 45 220 
15 300 45 240 
15 300 45 260 
15 300 45 280 
15 300 45 300 
15 300 45 320 
15 300 45 340 
15 300 60 0 
15 300 60 18 
15 300 60 36 
15 300 60 54 
15 300 60 72 
15 300 60 90 
15 300 60 108 
15 300 60 126 
15 300 60 144 
15 300 60 162 
15 300 60 180 
15 300 60 198 
15 300 60 216 
15 300 60 234 
15 300 60 252 
15 300 60 270 
15 300 60 288 
15 300 60 306 
15 300 60 324 
15 300 60 342 
15 300 75 0 
15 300 75 15 
15 300 75 30 
15 300 75 45 
15 300 75 60 
15 300 75 75 
15 300 75 90 
15 300 75 105 
15 300 75 120 
15 300 75 135 
15 300 75 150 
15 300 75 165 
15 300 75 180 
15 300 75 195 
15 300 75 210 
15 300 75 225 
15 300 75 240 
15 300 75 255 
15 300 75 270 
15 300 75 285 
15 300 75 300 
15 300 75 315 
15 300 75 330 
15 300 75 345 
30 0 0 0 
30 0 15 0 
30 0 15 60 
30 0 15 120 
30 0 15 180 
30 0 15 240 
30 0 15 300 
30 0 30 0 
30 0 30 30 
30 0 30 60 
30 0 30 90 
30 0 30 120 
30 0 30 150 
30 0 30 180 
30 0 30 210 
30 0 30 240 
30 0 30 270 
30 0 30 300 
30 0 30 330 
30 0 45 0 
30 0 45 20 
30 0 45 40 
30 0 45 60 
30 0 45 80 
30 0 45 100 
30 0 45 120 
30 0 45 140 
30 0 45 160 
30 0 45 180 
30 0 45 200 
30 0 45 220 
30 0 45 240 
30 0 45 260 
30 0 45 280 
30 0 45 300 
30 0 45 320 
30 0 45 340 
30 0 60 0 
30 0 60 18 
30 0 60 36 
30 0 60 54 
30 0 60 72 
30 0 60 90 
30 0 60 108 
30 0 60 126 
30 0 60 144 
30 0 60 162 
30 0 60 180 
30 0 60 198 
30 0 60 216 
30 0 60 234 
30 0 60 252 
30 0 60 270 
30 0 60 288 
30 0 60 306 
30 0 60 324 
30 0 60 342 
30 0 75 0 
30 0 75 15 
30 0 75 30 
30 0 75 45 
30 0 75 60 
30 0 75 75 
30 0 75 90 
30 0 75 105 
30 0 75 120 
30 0 75 135 
30 0 75 150 
30 0 75 165 
30 0 75 180 
30 0 75 195 
30 0 75 210 
30 0 75 225 
30 0 75 240 
30 0 75 255 
30 0 75 270 
30 0 75 285 
30 0 75 300 
30 0 75 315 
30 0 75 330 
30 0 75 345 
30 30 0 0 
30 30 15 0 
30 30 15 60 
30 30 15 120 
30 30 15 180 
30 30 15 240 
30 30 15 300 
30 30 30 0 
30 30 30 30 
30 30 30 60 
30 30 30 90 
30 30 30 120 
30 30 30 150 
30 30 30 180 
30 30 30 210 
30 30 30 240 
30 30 30 270 
30 30 30 300 
30 30 30 330 
30 30 45 0 
30 30 45 20 
30 30 45 40 
30 30 45 60 
30 30 45 80 
30 30 45 100 
30 30 45 120 
30 30 45 140 
30 30 45 160 
30 30 45 180 
30 30 45 200 
30 30 45 220 
30 30 45 240 
30 30 45 260 
30 30 45 280 
30 30 45 300 
30 30 45 320 
30 30 45 340 
30 30 60 0 
30 30 60 18 
30 30 60 36 
30 30 60 54 
30 30 60 72 
30 30 60 90 
30 30 60 108 
30 30 60 126 
30 30 60 144 
30 30 60 162 
30 30 60 180 
30 30 60 198 
30 30 60 216 
30 30 60 234 
30 30 60 252 
30 30 60 270 
30 30 60 288 
30 30 60 306 
30 30 60 324 
30 30 60 342 
30 30 75 0 
30 30 75 15 
30 30 75 30 
30 30 75 45 
30 30 75 60 
30 30 75 75 
30 30 75 90 
30 30 75 105 
30 30 75 120 
30 30 75 135 
30 30 75 150 
30 30 75 165 
30 30 75 180 
30 30 75 195 
30 30 75 210 
30 30 75 225 
30 30 75 240 
30 30 75 255 
30 30 75 270 
30 30 75 285 
30 30 75 300 
30 30 75 315 
30 30 75 330 
30 30 75 345 
30 60 0 0 
30 60 15 0 
30 60 15 60 
30 60 15 120 
30 60 15 180 
30 60 15 240 
30 60 15 300 
30 60 30 0 
30 60 30 30 
30 60 30 60 
30 60 30 90 
30 60 30 120 
30 60 30 150 
30 60 30 180 
30 60 30 210 
30 60 30 240 
30 60 30 270 
30 60 30 300 
30 60 30 330 
30 60 45 0 
30 60 45 20 
30 60 45 40 
30 60 45 60 
30 60 45 80 
30 60 45 100 
30 60 45 120 
30 60 45 140 
30 60 45 160 
30 60 45 180 
30 60 45 200 
30 60 45 220 
30 60 45 240 
30 60 45 260 
30 60 45 280 
30 60 45 300 
30 60 45 320 
30 60 45 340 
30 60 60 0 
30 60 60 18 
30 60 60 36 
30 60 60 54 
30 60 60 72 
30 60 60 90 
30 60 60 108 
30 60 60 126 
30 60 60 144 
30 60 60 162 
30 60 60 180 
30 60 60 198 
30 60 60 216 
30 60 60 234 
30 60 60 252 
30 60 60 270 
30 60 60 288 
30 60 60 306 
30 60 60 324 
30 60 60 342 
30 60 75 0 
30 60 75 15 
30 60 75 30 
30 60 75 45 
30 60 75 60 
30 60 75 75 
30 60 75 90 
30 60 75 105 
30 60 75 120 
30 60 75 135 
30 60 75 150 
30 60 75 165 
30 60 75 180 
30 60 75 195 
30 60 75 210 
30 60 75 225 
30 60 75 240 
30 60 75 255 
30 60 75 270 
30 60 75 285 
30 60 75 300 
30 60 75 315 
30 60 75 330 
30 60 75 345 
30 90 0 0 
30 90 15 0 
30 90 15 60 
30 90 15 120 
30 90 15 180 
30 90 15 240 
30 90 15 300 
30 90 30 0 
30 90 30 30 
30 90 30 60 
30 90 30 90 
30 90 30 120 
30 90 30 150 
30 90 30 180 
30 90 30 210 
30 90 30 240 
30 90 30 270 
30 90 30 300 
30 90 30 330 
30 90 45 0 
30 90 45 20 
30 90 45 40 
30 90 45 60 
30 90 45 80 
30 90 45 100 
30 90 45 120 
30 90 45 140 
30 90 45 160 
30 90 45 180 
30 90 45 200 
30 90 45 220 
30 90 45 240 
30 90 45 260 
30 90 45 280 
30 90 45 300 
30 90 45 320 
30 90 45 340 
30 90 60 0 
30 90 60 18 
30 90 60 36 
30 90 60 54 
30 90 60 72 
30 90 60 90 
30 90 60 108 
30 90 60 126 
30 90 60 144 
30 90 60 162 
30 90 60 180 
30 90 60 198 
30 90 60 216 
30 90 60 234 
30 90 60 252 
30 90 60 270 
30 90 60 288 
30 90 60 306 
30 90 60 324 
30 90 60 342 
30 90 75 0 
30 90 75 15 
30 90 75 30 
30 90 75 45 
30 90 75 60 
30 90 75 75 
30 90 75 90 
30 90 75 105 
30 90 75 120 
30 90 75 135 
30 90 75 150 
30 90 75 165 
30 90 75 180 
30 90 75 195 
30 90 75 210 
30 90 75 225 
30 90 75 240 
30 90 75 255 
30 90 75 270 
30 90 75 285 
30 90 75 300 
30 90 75 315 
30 90 75 330 
30 90 75 345 
30 120 0 0 
30 120 15 0 
30 120 15 60 
30 120 15 120 
30 120 15 180 
30 120 15 240 
30 120 15 300 
30 120 30 0 
30 120 30 30 
30 120 30 60 
30 120 30 90 
30 120 30 120 
30 120 30 150 
30 120 30 180 
30 120 30 210 
30 120 30 240 
30 120 30 270 
30 120 30 300 
30 120 30 330 
30 120 45 0 
30 120 45 20 
30 120 45 40 
30 120 45 60 
30 120 45 80 
30 120 45 100 
30 120 45 120 
30 120 45 140 
30 120 45 160 
30 120 45 180 
30 120 45 200 
30 120 45 220 
30 120 45 240 
30 120 45 260 
30 120 45 280 
30 120 45 300 
30 120 45 320 
30 120 45 340 
30 120 60 0 
30 120 60 18 
30 120 60 36 
30 120 60 54 
30 120 60 72 
30 120 60 90 
30 120 60 108 
30 120 60 126 
30 120 60 144 
30 120 60 162 
30 120 60 180 
30 120 60 198 
30 120 60 216 
30 120 60 234 
30 120 60 252 
30 120 60 270 
30 120 60 288 
30 120 60 306 
30 120 60 324 
30 120 60 342 
30 120 75 0 
30 120 75 15 
30 120 75 30 
30 120 75 45 
30 120 75 60 
30 120 75 75 
30 120 75 90 
30 120 75 105 
30 120 75 120 
30 120 75 135 
30 120 75 150 
30 120 75 165 
30 120 75 180 
30 120 75 195 
30 120 75 210 
30 120 75 225 
30 120 75 240 
30 120 75 255 
30 120 75 270 
30 120 75 285 
30 120 75 300 
30 120 75 315 
30 120 75 330 
30 120 75 345 
30 150 0 0 
30 150 15 0 
30 150 15 60 
30 150 15 120 
30 150 15 180 
30 150 15 240 
30 150 15 300 
30 150 30 0 
30 150 30 30 
30 150 30 60 
30 150 30 90 
30 150 30 120 
30 150 30 150 
30 150 30 180 
30 150 30 210 
30 150 30 240 
30 150 30 270 
30 150 30 300 
30 150 30 330 
30 150 45 0 
30 150 45 20 
30 150 45 40 
30 150 45 60 
30 150 45 80 
30 150 45 100 
30 150 45 120 
30 150 45 140 
30 150 45 160 
30 150 45 180 
30 150 45 200 
30 150 45 220 
30 150 45 240 
30 150 45 260 
30 150 45 280 
30 150 45 300 
30 150 45 320 
30 150 45 340 
30 150 60 0 
30 150 60 18 
30 150 60 36 
30 150 60 54 
30 150 60 72 
30 150 60 90 
30 150 60 108 
30 150 60 126 
30 150 60 144 
30 150 60 162 
30 150 60 180 
30 150 60 198 
30 150 60 216 
30 150 60 234 
30 150 60 252 
30 150 60 270 
30 150 60 288 
30 150 60 306 
30 150 60 324 
30 150 60 342 
30 150 75 0 
30 150 75 15 
30 150 75 30 
30 150 75 45 
30 150 75 60 
30 150 75 75 
30 150 75 90 
30 150 75 105 
30 150 75 120 
30 150 75 135 
30 150 75 150 
30 150 75 165 
30 150 75 180 
30 150 75 195 
30 150 75 210 
30 150 75 225 
30 150 75 240 
30 150 75 255 
30 150 75 270 
30 150 75 285 
30 150 75 300 
30 150 75 315 
30 150 75 330 
30 150 75 345 
30 180 0 0 
30 180 15 0 
30 180 15 60 
30 180 15 120 
30 180 15 180 
30 180 15 240 
30 180 15 300 
30 180 30 0 
30 180 30 30 
30 180 30 60 
30 180 30 90 
30 180 30 120 
30 180 30 150 
30 180 30 180 
30 180 30 210 
30 180 30 240 
30 180 30 270 
30 180 30 300 
30 180 30 330 
30 180 45 0 
30 180 45 20 
30 180 45 40 
30 180 45 60 
30 180 45 80 
30 180 45 100 
30 180 45 120 
30 180 45 140 
30 180 45 160 
30 180 45 180 
30 180 45 200 
30 180 45 220 
30 180 45 240 
30 180 45 260 
30 180 45 280 
30 180 45 300 
30 180 45 320 
30 180 45 340 
30 180 60 0 
30 180 60 18 
30 180 60 36 
30 180 60 54 
30 180 60 72 
30 180 60 90 
30 180 60 108 
30 180 60 126 
30 180 60 144 
30 180 60 162 
30 180 60 180 
30 180 60 198 
30 180 60 216 
30 180 60 234 
30 180 60 252 
30 180 60 270 
30 180 60 288 
30 180 60 306 
30 180 60 324 
30 180 60 342 
30 180 75 0 
30 180 75 15 
30 180 75 30 
30 180 75 45 
30 180 75 60 
30 180 75 75 
30 180 75 90 
30 180 75 105 
30 180 75 120 
30 180 75 135 
30 180 75 150 
30 180 75 165 
30 180 75 180 
30 180 75 195 
30 180 75 210 
30 180 75 225 
30 180 75 240 
30 180 75 255 
30 180 75 270 
30 180 75 285 
30 180 75 300 
30 180 75 315 
30 180 75 330 
30 180 75 345 
30 210 0 0 
30 210 15 0 
30 210 15 60 
30 210 15 120 
30 210 15 180 
30 210 15 240 
30 210 15 300 
30 210 30 0 
30 210 30 30 
30 210 30 60 
30 210 30 90 
30 210 30 120 
30 210 30 150 
30 210 30 180 
30 210 30 210 
30 210 30 240 
30 210 30 270 
30 210 30 300 
30 210 30 330 
30 210 45 0 
30 210 45 20 
30 210 45 40 
30 210 45 60 
30 210 45 80 
30 210 45 100 
30 210 45 120 
30 210 45 140 
30 210 45 160 
30 210 45 180 
30 210 45 200 
30 210 45 220 
30 210 45 240 
30 210 45 260 
30 210 45 280 
30 210 45 300 
30 210 45 320 
30 210 45 340 
30 210 60 0 
30 210 60 18 
30 210 60 36 
30 210 60 54 
30 210 60 72 
30 210 60 90 
30 210 60 108 
30 210 60 126 
30 210 60 144 
30 210 60 162 
30 210 60 180 
30 210 60 198 
30 210 60 216 
30 210 60 234 
30 210 60 252 
30 210 60 270 
30 210 60 288 
30 210 60 306 
30 210 60 324 
30 210 60 342 
30 210 75 0 
30 210 75 15 
30 210 75 30 
30 210 75 45 
30 210 75 60 
30 210 75 75 
30 210 75 90 
30 210 75 105 
30 210 75 120 
30 210 75 135 
30 210 75 150 
30 210 75 165 
30 210 75 180 
30 210 75 195 
30 210 75 210 
30 210 75 225 
30 210 75 240 
30 210 75 255 
30 210 75 270 
30 210 75 285 
30 210 75 300 
30 210 75 315 
30 210 75 330 
30 210 75 345 
30 240 0 0 
30 240 15 0 
30 240 15 60 
30 240 15 120 
30 240 15 180 
30 240 15 240 
30 240 15 300 
30 240 30 0 
30 240 30 30 
30 240 30 60 
30 240 30 90 
30 240 30 120 
30 240 30 150 
30 240 30 180 
30 240 30 210 
30 240 30 240 
30 240 30 270 
30 240 30 300 
30 240 30 330 
30 240 45 0 
30 240 45 20 
30 240 45 40 
30 240 45 60 
30 240 45 80 
30 240 45 100 
30 240 45 120 
30 240 45 140 
30 240 45 160 
30 240 45 180 
30 240 45 200 
30 240 45 220 
30 240 45 240 
30 240 45 260 
30 240 45 280 
30 240 45 300 
30 240 45 320 
30 240 45 340 
30 240 60 0 
30 240 60 18 
30 240 60 36 
30 240 60 54 
30 240 60 72 
30 240 60 90 
30 240 60 108 
30 240 60 126 
30 240 60 144 
30 240 60 162 
30 240 60 180 
30 240 60 198 
30 240 60 216 
30 240 60 234 
30 240 60 252 
30 240 60 270 
30 240 60 288 
30 240 60 306 
30 240 60 324 
30 240 60 342 
30 240 75 0 
30 240 75 15 
30 240 75 30 
30 240 75 45 
30 240 75 60 
30 240 75 75 
30 240 75 90 
30 240 75 105 
30 240 75 120 
30 240 75 135 
30 240 75 150 
30 240 75 165 
30 240 75 180 
30 240 75 195 
30 240 75 210 
30 240 75 225 
30 240 75 240 
30 240 75 255 
30 240 75 270 
30 240 75 285 
30 240 75 300 
30 240 75 315 
30 240 75 330 
30 240 75 345 
30 270 0 0 
30 270 15 0 
30 270 15 60 
30 270 15 120 
30 270 15 180 
30 270 15 240 
30 270 15 300 
30 270 30 0 
30 270 30 30 
30 270 30 60 
30 270 30 90 
30 270 30 120 
30 270 30 150 
30 270 30 180 
30 270 30 210 
30 270 30 240 
30 270 30 270 
30 270 30 300 
30 270 30 330 
30 270 45 0 
30 270 45 20 
30 270 45 40 
30 270 45 60 
30 270 45 80 
30 270 45 100 
30 270 45 120 
30 270 45 140 
30 270 45 160 
30 270 45 180 
30 270 45 200 
30 270 45 220 
30 270 45 240 
30 270 45 260 
30 270 45 280 
30 270 45 300 
30 270 45 320 
30 270 45 340 
30 270 60 0 
30 270 60 18 
30 270 60 36 
30 270 60 54 
30 270 60 72 
30 270 60 90 
30 270 60 108 
30 270 60 126 
30 270 60 144 
30 270 60 162 
30 270 60 180 
30 270 60 198 
30 270 60 216 
30 270 60 234 
30 270 60 252 
30 270 60 270 
30 270 60 288 
30 270 60 306 
30 270 60 324 
30 270 60 342 
30 270 75 0 
30 270 75 15 
30 270 75 30 
30 270 75 45 
30 270 75 60 
30 270 75 75 
30 270 75 90 
30 270 75 105 
30 270 75 120 
30 270 75 135 
30 270 75 150 
30 270 75 165 
30 270 75 180 
30 270 75 195 
30 270 75 210 
30 270 75 225 
30 270 75 240 
30 270 75 255 
30 270 75 270 
30 270 75 285 
30 270 75 300 
30 270 75 315 
30 270 75 330 
30 270 75 345 
30 300 0 0 
30 300 15 0 
30 300 15 60 
30 300 15 120 
30 300 15 180 
30 300 15 240 
30 300 15 300 
30 300 30 0 
30 300 30 30 
30 300 30 60 
30 300 30 90 
30 300 30 120 
30 300 30 150 
30 300 30 180 
30 300 30 210 
30 300 30 240 
30 300 30 270 
30 300 30 300 
30 300 30 330 
30 300 45 0 
30 300 45 20 
30 300 45 40 
30 300 45 60 
30 300 45 80 
30 300 45 100 
30 300 45 120 
30 300 45 140 
30 300 45 160 
30 300 45 180 
30 300 45 200 
30 300 45 220 
30 300 45 240 
30 300 45 260 
30 300 45 280 
30 300 45 300 
30 300 45 320 
30 300 45 340 
30 300 60 0 
30 300 60 18 
30 300 60 36 
30 300 60 54 
30 300 60 72 
30 300 60 90 
30 300 60 108 
30 300 60 126 
30 300 60 144 
30 300 60 162 
30 300 60 180 
30 300 60 198 
30 300 60 216 
30 300 60 234 
30 300 60 252 
30 300 60 270 
30 300 60 288 
30 300 60 306 
30 300 60 324 
30 300 60 342 
30 300 75 0 
30 300 75 15 
30 300 75 30 
30 300 75 45 
30 300 75 60 
30 300 75 75 
30 300 75 90 
30 300 75 105 
30 300 75 120 
30 300 75 135 
30 300 75 150 
30 300 75 165 
30 300 75 180 
30 300 75 195 
30 300 75 210 
30 300 75 225 
30 300 75 240 
30 300 75 255 
30 300 75 270 
30 300 75 285 
30 300 75 300 
30 300 75 315 
30 300 75 330 
30 300 75 345 
30 330 0 0 
30 330 15 0 
30 330 15 60 
30 330 15 120 
30 330 15 180 
30 330 15 240 
30 330 15 300 
30 330 30 0 
30 330 30 30 
30 330 30 60 
30 330 30 90 
30 330 30 120 
30 330 30 150 
30 330 30 180 
30 330 30 210 
30 330 30 240 
30 330 30 270 
30 330 30 300 
30 330 30 330 
30 330 45 0 
30 330 45 20 
30 330 45 40 
30 330 45 60 
30 330 45 80 
30 330 45 100 
30 330 45 120 
30 330 45 140 
30 330 45 160 
30 330 45 180 
30 330 45 200 
30 330 45 220 
30 330 45 240 
30 330 45 260 
30 330 45 280 
30 330 45 300 
30 330 45 320 
30 330 45 340 
30 330 60 0 
30 330 60 18 
30 330 60 36 
30 330 60 54 
30 330 60 72 
30 330 60 90 
30 330 60 108 
30 330 60 126 
30 330 60 144 
30 330 60 162 
30 330 60 180 
30 330 60 198 
30 330 60 216 
30 330 60 234 
30 330 60 252 
30 330 60 270 
30 330 60 288 
30 330 60 306 
30 330 60 324 
30 330 60 342 
30 330 75 0 
30 330 75 15 
30 330 75 30 
30 330 75 45 
30 330 75 60 
30 330 75 75 
30 330 75 90 
30 330 75 105 
30 330 75 120 
30 330 75 135 
30 330 75 150 
30 330 75 165 
30 330 75 180 
30 330 75 195 
30 330 75 210 
30 330 75 225 
30 330 75 240 
30 330 75 255 
30 330 75 270 
30 330 75 285 
30 330 75 300 
30 330 75 315 
30 330 75 330 
30 330 75 345 
45 0 0 0 
45 0 15 0 
45 0 15 60 
45 0 15 120 
45 0 15 180 
45 0 15 240 
45 0 15 300 
45 0 30 0 
45 0 30 30 
45 0 30 60 
45 0 30 90 
45 0 30 120 
45 0 30 150 
45 0 30 180 
45 0 30 210 
45 0 30 240 
45 0 30 270 
45 0 30 300 
45 0 30 330 
45 0 45 0 
45 0 45 20 
45 0 45 40 
45 0 45 60 
45 0 45 80 
45 0 45 100 
45 0 45 120 
45 0 45 140 
45 0 45 160 
45 0 45 180 
45 0 45 200 
45 0 45 220 
45 0 45 240 
45 0 45 260 
45 0 45 280 
45 0 45 300 
45 0 45 320 
45 0 45 340 
45 0 60 0 
45 0 60 18 
45 0 60 36 
45 0 60 54 
45 0 60 72 
45 0 60 90 
45 0 60 108 
45 0 60 126 
45 0 60 144 
45 0 60 162 
45 0 60 180 
45 0 60 198 
45 0 60 216 
45 0 60 234 
45 0 60 252 
45 0 60 270 
45 0 60 288 
45 0 60 306 
45 0 60 324 
45 0 60 342 
45 0 75 0 
45 0 75 15 
45 0 75 30 
45 0 75 45 
45 0 75 60 
45 0 75 75 
45 0 75 90 
45 0 75 105 
45 0 75 120 
45 0 75 135 
45 0 75 150 
45 0 75 165 
45 0 75 180 
45 0 75 195 
45 0 75 210 
45 0 75 225 
45 0 75 240 
45 0 75 255 
45 0 75 270 
45 0 75 285 
45 0 75 300 
45 0 75 315 
45 0 75 330 
45 0 75 345 
45 20 0 0 
45 20 15 0 
45 20 15 60 
45 20 15 120 
45 20 15 180 
45 20 15 240 
45 20 15 300 
45 20 30 0 
45 20 30 30 
45 20 30 60 
45 20 30 90 
45 20 30 120 
45 20 30 150 
45 20 30 180 
45 20 30 210 
45 20 30 240 
45 20 30 270 
45 20 30 300 
45 20 30 330 
45 20 45 0 
45 20 45 20 
45 20 45 40 
45 20 45 60 
45 20 45 80 
45 20 45 100 
45 20 45 120 
45 20 45 140 
45 20 45 160 
45 20 45 180 
45 20 45 200 
45 20 45 220 
45 20 45 240 
45 20 45 260 
45 20 45 280 
45 20 45 300 
45 20 45 320 
45 20 45 340 
45 20 60 0 
45 20 60 18 
45 20 60 36 
45 20 60 54 
45 20 60 72 
45 20 60 90 
45 20 60 108 
45 20 60 126 
45 20 60 144 
45 20 60 162 
45 20 60 180 
45 20 60 198 
45 20 60 216 
45 20 60 234 
45 20 60 252 
45 20 60 270 
45 20 60 288 
45 20 60 306 
45 20 60 324 
45 20 60 342 
45 20 75 0 
45 20 75 15 
45 20 75 30 
45 20 75 45 
45 20 75 60 
45 20 75 75 
45 20 75 90 
45 20 75 105 
45 20 75 120 
45 20 75 135 
45 20 75 150 
45 20 75 165 
45 20 75 180 
45 20 75 195 
45 20 75 210 
45 20 75 225 
45 20 75 240 
45 20 75 255 
45 20 75 270 
45 20 75 285 
45 20 75 300 
45 20 75 315 
45 20 75 330 
45 20 75 345 
45 40 0 0 
45 40 15 0 
45 40 15 60 
45 40 15 120 
45 40 15 180 
45 40 15 240 
45 40 15 300 
45 40 30 0 
45 40 30 30 
45 40 30 60 
45 40 30 90 
45 40 30 120 
45 40 30 150 
45 40 30 180 
45 40 30 210 
45 40 30 240 
45 40 30 270 
45 40 30 300 
45 40 30 330 
45 40 45 0 
45 40 45 20 
45 40 45 40 
45 40 45 60 
45 40 45 80 
45 40 45 100 
45 40 45 120 
45 40 45 140 
45 40 45 160 
45 40 45 180 
45 40 45 200 
45 40 45 220 
45 40 45 240 
45 40 45 260 
45 40 45 280 
45 40 45 300 
45 40 45 320 
45 40 45 340 
45 40 60 0 
45 40 60 18 
45 40 60 36 
45 40 60 54 
45 40 60 72 
45 40 60 90 
45 40 60 108 
45 40 60 126 
45 40 60 144 
45 40 60 162 
45 40 60 180 
45 40 60 198 
45 40 60 216 
45 40 60 234 
45 40 60 252 
45 40 60 270 
45 40 60 288 
45 40 60 306 
45 40 60 324 
45 40 60 342 
45 40 75 0 
45 40 75 15 
45 40 75 30 
45 40 75 45 
45 40 75 60 
45 40 75 75 
45 40 75 90 
45 40 75 105 
45 40 75 120 
45 40 75 135 
45 40 75 150 
45 40 75 165 
45 40 75 180 
45 40 75 195 
45 40 75 210 
45 40 75 225 
45 40 75 240 
45 40 75 255 
45 40 75 270 
45 40 75 285 
45 40 75 300 
45 40 75 315 
45 40 75 330 
45 40 75 345 
45 60 0 0 
45 60 15 0 
45 60 15 60 
45 60 15 120 
45 60 15 180 
45 60 15 240 
45 60 15 300 
45 60 30 0 
45 60 30 30 
45 60 30 60 
45 60 30 90 
45 60 30 120 
45 60 30 150 
45 60 30 180 
45 60 30 210 
45 60 30 240 
45 60 30 270 
45 60 30 300 
45 60 30 330 
45 60 45 0 
45 60 45 20 
45 60 45 40 
45 60 45 60 
45 60 45 80 
45 60 45 100 
45 60 45 120 
45 60 45 140 
45 60 45 160 
45 60 45 180 
45 60 45 200 
45 60 45 220 
45 60 45 240 
45 60 45 260 
45 60 45 280 
45 60 45 300 
45 60 45 320 
45 60 45 340 
45 60 60 0 
45 60 60 18 
45 60 60 36 
45 60 60 54 
45 60 60 72 
45 60 60 90 
45 60 60 108 
45 60 60 126 
45 60 60 144 
45 60 60 162 
45 60 60 180 
45 60 60 198 
45 60 60 216 
45 60 60 234 
45 60 60 252 
45 60 60 270 
45 60 60 288 
45 60 60 306 
45 60 60 324 
45 60 60 342 
45 60 75 0 
45 60 75 15 
45 60 75 30 
45 60 75 45 
45 60 75 60 
45 60 75 75 
45 60 75 90 
45 60 75 105 
45 60 75 120 
45 60 75 135 
45 60 75 150 
45 60 75 165 
45 60 75 180 
45 60 75 195 
45 60 75 210 
45 60 75 225 
45 60 75 240 
45 60 75 255 
45 60 75 270 
45 60 75 285 
45 60 75 300 
45 60 75 315 
45 60 75 330 
45 60 75 345 
45 80 0 0 
45 80 15 0 
45 80 15 60 
45 80 15 120 
45 80 15 180 
45 80 15 240 
45 80 15 300 
45 80 30 0 
45 80 30 30 
45 80 30 60 
45 80 30 90 
45 80 30 120 
45 80 30 150 
45 80 30 180 
45 80 30 210 
45 80 30 240 
45 80 30 270 
45 80 30 300 
45 80 30 330 
45 80 45 0 
45 80 45 20 
45 80 45 40 
45 80 45 60 
45 80 45 80 
45 80 45 100 
45 80 45 120 
45 80 45 140 
45 80 45 160 
45 80 45 180 
45 80 45 200 
45 80 45 220 
45 80 45 240 
45 80 45 260 
45 80 45 280 
45 80 45 300 
45 80 45 320 
45 80 45 340 
45 80 60 0 
45 80 60 18 
45 80 60 36 
45 80 60 54 
45 80 60 72 
45 80 60 90 
45 80 60 108 
45 80 60 126 
45 80 60 144 
45 80 60 162 
45 80 60 180 
45 80 60 198 
45 80 60 216 
45 80 60 234 
45 80 60 252 
45 80 60 270 
45 80 60 288 
45 80 60 306 
45 80 60 324 
45 80 60 342 
45 80 75 0 
45 80 75 15 
45 80 75 30 
45 80 75 45 
45 80 75 60 
45 80 75 75 
45 80 75 90 
45 80 75 105 
45 80 75 120 
45 80 75 135 
45 80 75 150 
45 80 75 165 
45 80 75 180 
45 80 75 195 
45 80 75 210 
45 80 75 225 
45 80 75 240 
45 80 75 255 
45 80 75 270 
45 80 75 285 
45 80 75 300 
45 80 75 315 
45 80 75 330 
45 80 75 345 
45 100 0 0 
45 100 15 0 
45 100 15 60 
45 100 15 120 
45 100 15 180 
45 100 15 240 
45 100 15 300 
45 100 30 0 
45 100 30 30 
45 100 30 60 
45 100 30 90 
45 100 30 120 
45 100 30 150 
45 100 30 180 
45 100 30 210 
45 100 30 240 
45 100 30 270 
45 100 30 300 
45 100 30 330 
45 100 45 0 
45 100 45 20 
45 100 45 40 
45 100 45 60 
45 100 45 80 
45 100 45 100 
45 100 45 120 
45 100 45 140 
45 100 45 160 
45 100 45 180 
45 100 45 200 
45 100 45 220 
45 100 45 240 
45 100 45 260 
45 100 45 280 
45 100 45 300 
45 100 45 320 
45 100 45 340 
45 100 60 0 
45 100 60 18 
45 100 60 36 
45 100 60 54 
45 100 60 72 
45 100 60 90 
45 100 60 108 
45 100 60 126 
45 100 60 144 
45 100 60 162 
45 100 60 180 
45 100 60 198 
45 100 60 216 
45 100 60 234 
45 100 60 252 
45 100 60 270 
45 100 60 288 
45 100 60 306 
45 100 60 324 
45 100 60 342 
45 100 75 0 
45 100 75 15 
45 100 75 30 
45 100 75 45 
45 100 75 60 
45 100 75 75 
45 100 75 90 
45 100 75 105 
45 100 75 120 
45 100 75 135 
45 100 75 150 
45 100 75 165 
45 100 75 180 
45 100 75 195 
45 100 75 210 
45 100 75 225 
45 100 75 240 
45 100 75 255 
45 100 75 270 
45 100 75 285 
45 100 75 300 
45 100 75 315 
45 100 75 330 
45 100 75 345 
45 120 0 0 
45 120 15 0 
45 120 15 60 
45 120 15 120 
45 120 15 180 
45 120 15 240 
45 120 15 300 
45 120 30 0 
45 120 30 30 
45 120 30 60 
45 120 30 90 
45 120 30 120 
45 120 30 150 
45 120 30 180 
45 120 30 210 
45 120 30 240 
45 120 30 270 
45 120 30 300 
45 120 30 330 
45 120 45 0 
45 120 45 20 
45 120 45 40 
45 120 45 60 
45 120 45 80 
45 120 45 100 
45 120 45 120 
45 120 45 140 
45 120 45 160 
45 120 45 180 
45 120 45 200 
45 120 45 220 
45 120 45 240 
45 120 45 260 
45 120 45 280 
45 120 45 300 
45 120 45 320 
45 120 45 340 
45 120 60 0 
45 120 60 18 
45 120 60 36 
45 120 60 54 
45 120 60 72 
45 120 60 90 
45 120 60 108 
45 120 60 126 
45 120 60 144 
45 120 60 162 
45 120 60 180 
45 120 60 198 
45 120 60 216 
45 120 60 234 
45 120 60 252 
45 120 60 270 
45 120 60 288 
45 120 60 306 
45 120 60 324 
45 120 60 342 
45 120 75 0 
45 120 75 15 
45 120 75 30 
45 120 75 45 
45 120 75 60 
45 120 75 75 
45 120 75 90 
45 120 75 105 
45 120 75 120 
45 120 75 135 
45 120 75 150 
45 120 75 165 
45 120 75 180 
45 120 75 195 
45 120 75 210 
45 120 75 225 
45 120 75 240 
45 120 75 255 
45 120 75 270 
45 120 75 285 
45 120 75 300 
45 120 75 315 
45 120 75 330 
45 120 75 345 
45 140 0 0 
45 140 15 0 
45 140 15 60 
45 140 15 120 
45 140 15 180 
45 140 15 240 
45 140 15 300 
45 140 30 0 
45 140 30 30 
45 140 30 60 
45 140 30 90 
45 140 30 120 
45 140 30 150 
45 140 30 180 
45 140 30 210 
45 140 30 240 
45 140 30 270 
45 140 30 300 
45 140 30 330 
45 140 45 0 
45 140 45 20 
45 140 45 40 
45 140 45 60 
45 140 45 80 
45 140 45 100 
45 140 45 120 
45 140 45 140 
45 140 45 160 
45 140 45 180 
45 140 45 200 
45 140 45 220 
45 140 45 240 
45 140 45 260 
45 140 45 280 
45 140 45 300 
45 140 45 320 
45 140 45 340 
45 140 60 0 
45 140 60 18 
45 140 60 36 
45 140 60 54 
45 140 60 72 
45 140 60 90 
45 140 60 108 
45 140 60 126 
45 140 60 144 
45 140 60 162 
45 140 60 180 
45 140 60 198 
45 140 60 216 
45 140 60 234 
45 140 60 252 
45 140 60 270 
45 140 60 288 
45 140 60 306 
45 140 60 324 
45 140 60 342 
45 140 75 0 
45 140 75 15 
45 140 75 30 
45 140 75 45 
45 140 75 60 
45 140 75 75 
45 140 75 90 
45 140 75 105 
45 140 75 120 
45 140 75 135 
45 140 75 150 
45 140 75 165 
45 140 75 180 
45 140 75 195 
45 140 75 210 
45 140 75 225 
45 140 75 240 
45 140 75 255 
45 140 75 270 
45 140 75 285 
45 140 75 300 
45 140 75 315 
45 140 75 330 
45 140 75 345 
45 160 0 0 
45 160 15 0 
45 160 15 60 
45 160 15 120 
45 160 15 180 
45 160 15 240 
45 160 15 300 
45 160 30 0 
45 160 30 30 
45 160 30 60 
45 160 30 90 
45 160 30 120 
45 160 30 150 
45 160 30 180 
45 160 30 210 
45 160 30 240 
45 160 30 270 
45 160 30 300 
45 160 30 330 
45 160 45 0 
45 160 45 20 
45 160 45 40 
45 160 45 60 
45 160 45 80 
45 160 45 100 
45 160 45 120 
45 160 45 140 
45 160 45 160 
45 160 45 180 
45 160 45 200 
45 160 45 220 
45 160 45 240 
45 160 45 260 
45 160 45 280 
45 160 45 300 
45 160 45 320 
45 160 45 340 
45 160 60 0 
45 160 60 18 
45 160 60 36 
45 160 60 54 
45 160 60 72 
45 160 60 90 
45 160 60 108 
45 160 60 126 
45 160 60 144 
45 160 60 162 
45 160 60 180 
45 160 60 198 
45 160 60 216 
45 160 60 234 
45 160 60 252 
45 160 60 270 
45 160 60 288 
45 160 60 306 
45 160 60 324 
45 160 60 342 
45 160 75 0 
45 160 75 15 
45 160 75 30 
45 160 75 45 
45 160 75 60 
45 160 75 75 
45 160 75 90 
45 160 75 105 
45 160 75 120 
45 160 75 135 
45 160 75 150 
45 160 75 165 
45 160 75 180 
45 160 75 195 
45 160 75 210 
45 160 75 225 
45 160 75 240 
45 160 75 255 
45 160 75 270 
45 160 75 285 
45 160 75 300 
45 160 75 315 
45 160 75 330 
45 160 75 345 
45 180 0 0 
45 180 15 0 
45 180 15 60 
45 180 15 120 
45 180 15 180 
45 180 15 240 
45 180 15 300 
45 180 30 0 
45 180 30 30 
45 180 30 60 
45 180 30 90 
45 180 30 120 
45 180 30 150 
45 180 30 180 
45 180 30 210 
45 180 30 240 
45 180 30 270 
45 180 30 300 
45 180 30 330 
45 180 45 0 
45 180 45 20 
45 180 45 40 
45 180 45 60 
45 180 45 80 
45 180 45 100 
45 180 45 120 
45 180 45 140 
45 180 45 160 
45 180 45 180 
45 180 45 200 
45 180 45 220 
45 180 45 240 
45 180 45 260 
45 180 45 280 
45 180 45 300 
45 180 45 320 
45 180 45 340 
45 180 60 0 
45 180 60 18 
45 180 60 36 
45 180 60 54 
45 180 60 72 
45 180 60 90 
45 180 60 108 
45 180 60 126 
45 180 60 144 
45 180 60 162 
45 180 60 180 
45 180 60 198 
45 180 60 216 
45 180 60 234 
45 180 60 252 
45 180 60 270 
45 180 60 288 
45 180 60 306 
45 180 60 324 
45 180 60 342 
45 180 75 0 
45 180 75 15 
45 180 75 30 
45 180 75 45 
45 180 75 60 
45 180 75 75 
45 180 75 90 
45 180 75 105 
45 180 75 120 
45 180 75 135 
45 180 75 150 
45 180 75 165 
45 180 75 180 
45 180 75 195 
45 180 75 210 
45 180 75 225 
45 180 75 240 
45 180 75 255 
45 180 75 270 
45 180 75 285 
45 180 75 300 
45 180 75 315 
45 180 75 330 
45 180 75 345 
45 200 0 0 
45 200 15 0 
45 200 15 60 
45 200 15 120 
45 200 15 180 
45 200 15 240 
45 200 15 300 
45 200 30 0 
45 200 30 30 
45 200 30 60 
45 200 30 90 
45 200 30 120 
45 200 30 150 
45 200 30 180 
45 200 30 210 
45 200 30 240 
45 200 30 270 
45 200 30 300 
45 200 30 330 
45 200 45 0 
45 200 45 20 
45 200 45 40 
45 200 45 60 
45 200 45 80 
45 200 45 100 
45 200 45 120 
45 200 45 140 
45 200 45 160 
45 200 45 180 
45 200 45 200 
45 200 45 220 
45 200 45 240 
45 200 45 260 
45 200 45 280 
45 200 45 300 
45 200 45 320 
45 200 45 340 
45 200 60 0 
45 200 60 18 
45 200 60 36 
45 200 60 54 
45 200 60 72 
45 200 60 90 
45 200 60 108 
45 200 60 126 
45 200 60 144 
45 200 60 162 
45 200 60 180 
45 200 60 198 
45 200 60 216 
45 200 60 234 
45 200 60 252 
45 200 60 270 
45 200 60 288 
45 200 60 306 
45 200 60 324 
45 200 60 342 
45 200 75 0 
45 200 75 15 
45 200 75 30 
45 200 75 45 
45 200 75 60 
45 200 75 75 
45 200 75 90 
45 200 75 105 
45 200 75 120 
45 200 75 135 
45 200 75 150 
45 200 75 165 
45 200 75 180 
45 200 75 195 
45 200 75 210 
45 200 75 225 
45 200 75 240 
45 200 75 255 
45 200 75 270 
45 200 75 285 
45 200 75 300 
45 200 75 315 
45 200 75 330 
45 200 75 345 
45 220 0 0 
45 220 15 0 
45 220 15 60 
45 220 15 120 
45 220 15 180 
45 220 15 240 
45 220 15 300 
45 220 30 0 
45 220 30 30 
45 220 30 60 
45 220 30 90 
45 220 30 120 
45 220 30 150 
45 220 30 180 
45 220 30 210 
45 220 30 240 
45 220 30 270 
45 220 30 300 
45 220 30 330 
45 220 45 0 
45 220 45 20 
45 220 45 40 
45 220 45 60 
45 220 45 80 
45 220 45 100 
45 220 45 120 
45 220 45 140 
45 220 45 160 
45 220 45 180 
45 220 45 200 
45 220 45 220 
45 220 45 240 
45 220 45 260 
45 220 45 280 
45 220 45 300 
45 220 45 320 
45 220 45 340 
45 220 60 0 
45 220 60 18 
45 220 60 36 
45 220 60 54 
45 220 60 72 
45 220 60 90 
45 220 60 108 
45 220 60 126 
45 220 60 144 
45 220 60 162 
45 220 60 180 
45 220 60 198 
45 220 60 216 
45 220 60 234 
45 220 60 252 
45 220 60 270 
45 220 60 288 
45 220 60 306 
45 220 60 324 
45 220 60 342 
45 220 75 0 
45 220 75 15 
45 220 75 30 
45 220 75 45 
45 220 75 60 
45 220 75 75 
45 220 75 90 
45 220 75 105 
45 220 75 120 
45 220 75 135 
45 220 75 150 
45 220 75 165 
45 220 75 180 
45 220 75 195 
45 220 75 210 
45 220 75 225 
45 220 75 240 
45 220 75 255 
45 220 75 270 
45 220 75 285 
45 220 75 300 
45 220 75 315 
45 220 75 330 
45 220 75 345 
45 240 0 0 
45 240 15 0 
45 240 15 60 
45 240 15 120 
45 240 15 180 
45 240 15 240 
45 240 15 300 
45 240 30 0 
45 240 30 30 
45 240 30 60 
45 240 30 90 
45 240 30 120 
45 240 30 150 
45 240 30 180 
45 240 30 210 
45 240 30 240 
45 240 30 270 
45 240 30 300 
45 240 30 330 
45 240 45 0 
45 240 45 20 
45 240 45 40 
45 240 45 60 
45 240 45 80 
45 240 45 100 
45 240 45 120 
45 240 45 140 
45 240 45 160 
45 240 45 180 
45 240 45 200 
45 240 45 220 
45 240 45 240 
45 240 45 260 
45 240 45 280 
45 240 45 300 
45 240 45 320 
45 240 45 340 
45 240 60 0 
45 240 60 18 
45 240 60 36 
45 240 60 54 
45 240 60 72 
45 240 60 90 
45 240 60 108 
45 240 60 126 
45 240 60 144 
45 240 60 162 
45 240 60 180 
45 240 60 198 
45 240 60 216 
45 240 60 234 
45 240 60 252 
45 240 60 270 
45 240 60 288 
45 240 60 306 
45 240 60 324 
45 240 60 342 
45 240 75 0 
45 240 75 15 
45 240 75 30 
45 240 75 45 
45 240 75 60 
45 240 75 75 
45 240 75 90 
45 240 75 105 
45 240 75 120 
45 240 75 135 
45 240 75 150 
45 240 75 165 
45 240 75 180 
45 240 75 195 
45 240 75 210 
45 240 75 225 
45 240 75 240 
45 240 75 255 
45 240 75 270 
45 240 75 285 
45 240 75 300 
45 240 75 315 
45 240 75 330 
45 240 75 345 
45 260 0 0 
45 260 15 0 
45 260 15 60 
45 260 15 120 
45 260 15 180 
45 260 15 240 
45 260 15 300 
45 260 30 0 
45 260 30 30 
45 260 30 60 
45 260 30 90 
45 260 30 120 
45 260 30 150 
45 260 30 180 
45 260 30 210 
45 260 30 240 
45 260 30 270 
45 260 30 300 
45 260 30 330 
45 260 45 0 
45 260 45 20 
45 260 45 40 
45 260 45 60 
45 260 45 80 
45 260 45 100 
45 260 45 120 
45 260 45 140 
45 260 45 160 
45 260 45 180 
45 260 45 200 
45 260 45 220 
45 260 45 240 
45 260 45 260 
45 260 45 280 
45 260 45 300 
45 260 45 320 
45 260 45 340 
45 260 60 0 
45 260 60 18 
45 260 60 36 
45 260 60 54 
45 260 60 72 
45 260 60 90 
45 260 60 108 
45 260 60 126 
45 260 60 144 
45 260 60 162 
45 260 60 180 
45 260 60 198 
45 260 60 216 
45 260 60 234 
45 260 60 252 
45 260 60 270 
45 260 60 288 
45 260 60 306 
45 260 60 324 
45 260 60 342 
45 260 75 0 
45 260 75 15 
45 260 75 30 
45 260 75 45 
45 260 75 60 
45 260 75 75 
45 260 75 90 
45 260 75 105 
45 260 75 120 
45 260 75 135 
45 260 75 150 
45 260 75 165 
45 260 75 180 
45 260 75 195 
45 260 75 210 
45 260 75 225 
45 260 75 240 
45 260 75 255 
45 260 75 270 
45 260 75 285 
45 260 75 300 
45 260 75 315 
45 260 75 330 
45 260 75 345 
45 280 0 0 
45 280 15 0 
45 280 15 60 
45 280 15 120 
45 280 15 180 
45 280 15 240 
45 280 15 300 
45 280 30 0 
45 280 30 30 
45 280 30 60 
45 280 30 90 
45 280 30 120 
45 280 30 150 
45 280 30 180 
45 280 30 210 
45 280 30 240 
45 280 30 270 
45 280 30 300 
45 280 30 330 
45 280 45 0 
45 280 45 20 
45 280 45 40 
45 280 45 60 
45 280 45 80 
45 280 45 100 
45 280 45 120 
45 280 45 140 
45 280 45 160 
45 280 45 180 
45 280 45 200 
45 280 45 220 
45 280 45 240 
45 280 45 260 
45 280 45 280 
45 280 45 300 
45 280 45 320 
45 280 45 340 
45 280 60 0 
45 280 60 18 
45 280 60 36 
45 280 60 54 
45 280 60 72 
45 280 60 90 
45 280 60 108 
45 280 60 126 
45 280 60 144 
45 280 60 162 
45 280 60 180 
45 280 60 198 
45 280 60 216 
45 280 60 234 
45 280 60 252 
45 280 60 270 
45 280 60 288 
45 280 60 306 
45 280 60 324 
45 280 60 342 
45 280 75 0 
45 280 75 15 
45 280 75 30 
45 280 75 45 
45 280 75 60 
45 280 75 75 
45 280 75 90 
45 280 75 105 
45 280 75 120 
45 280 75 135 
45 280 75 150 
45 280 75 165 
45 280 75 180 
45 280 75 195 
45 280 75 210 
45 280 75 225 
45 280 75 240 
45 280 75 255 
45 280 75 270 
45 280 75 285 
45 280 75 300 
45 280 75 315 
45 280 75 330 
45 280 75 345 
45 300 0 0 
45 300 15 0 
45 300 15 60 
45 300 15 120 
45 300 15 180 
45 300 15 240 
45 300 15 300 
45 300 30 0 
45 300 30 30 
45 300 30 60 
45 300 30 90 
45 300 30 120 
45 300 30 150 
45 300 30 180 
45 300 30 210 
45 300 30 240 
45 300 30 270 
45 300 30 300 
45 300 30 330 
45 300 45 0 
45 300 45 20 
45 300 45 40 
45 300 45 60 
45 300 45 80 
45 300 45 100 
45 300 45 120 
45 300 45 140 
45 300 45 160 
45 300 45 180 
45 300 45 200 
45 300 45 220 
45 300 45 240 
45 300 45 260 
45 300 45 280 
45 300 45 300 
45 300 45 320 
45 300 45 340 
45 300 60 0 
45 300 60 18 
45 300 60 36 
45 300 60 54 
45 300 60 72 
45 300 60 90 
45 300 60 108 
45 300 60 126 
45 300 60 144 
45 300 60 162 
45 300 60 180 
45 300 60 198 
45 300 60 216 
45 300 60 234 
45 300 60 252 
45 300 60 270 
45 300 60 288 
45 300 60 306 
45 300 60 324 
45 300 60 342 
45 300 75 0 
45 300 75 15 
45 300 75 30 
45 300 75 45 
45 300 75 60 
45 300 75 75 
45 300 75 90 
45 300 75 105 
45 300 75 120 
45 300 75 135 
45 300 75 150 
45 300 75 165 
45 300 75 180 
45 300 75 195 
45 300 75 210 
45 300 75 225 
45 300 75 240 
45 300 75 255 
45 300 75 270 
45 300 75 285 
45 300 75 300 
45 300 75 315 
45 300 75 330 
45 300 75 345 
45 320 0 0 
45 320 15 0 
45 320 15 60 
45 320 15 120 
45 320 15 180 
45 320 15 240 
45 320 15 300 
45 320 30 0 
45 320 30 30 
45 320 30 60 
45 320 30 90 
45 320 30 120 
45 320 30 150 
45 320 30 180 
45 320 30 210 
45 320 30 240 
45 320 30 270 
45 320 30 300 
45 320 30 330 
45 320 45 0 
45 320 45 20 
45 320 45 40 
45 320 45 60 
45 320 45 80 
45 320 45 100 
45 320 45 120 
45 320 45 140 
45 320 45 160 
45 320 45 180 
45 320 45 200 
45 320 45 220 
45 320 45 240 
45 320 45 260 
45 320 45 280 
45 320 45 300 
45 320 45 320 
45 320 45 340 
45 320 60 0 
45 320 60 18 
45 320 60 36 
45 320 60 54 
45 320 60 72 
45 320 60 90 
45 320 60 108 
45 320 60 126 
45 320 60 144 
45 320 60 162 
45 320 60 180 
45 320 60 198 
45 320 60 216 
45 320 60 234 
45 320 60 252 
45 320 60 270 
45 320 60 288 
45 320 60 306 
45 320 60 324 
45 320 60 342 
45 320 75 0 
45 320 75 15 
45 320 75 30 
45 320 75 45 
45 320 75 60 
45 320 75 75 
45 320 75 90 
45 320 75 105 
45 320 75 120 
45 320 75 135 
45 320 75 150 
45 320 75 165 
45 320 75 180 
45 320 75 195 
45 320 75 210 
45 320 75 225 
45 320 75 240 
45 320 75 255 
45 320 75 270 
45 320 75 285 
45 320 75 300 
45 320 75 315 
45 320 75 330 
45 320 75 345 
45 340 0 0 
45 340 15 0 
45 340 15 60 
45 340 15 120 
45 340 15 180 
45 340 15 240 
45 340 15 300 
45 340 30 0 
45 340 30 30 
45 340 30 60 
45 340 30 90 
45 340 30 120 
45 340 30 150 
45 340 30 180 
45 340 30 210 
45 340 30 240 
45 340 30 270 
45 340 30 300 
45 340 30 330 
45 340 45 0 
45 340 45 20 
45 340 45 40 
45 340 45 60 
45 340 45 80 
45 340 45 100 
45 340 45 120 
45 340 45 140 
45 340 45 160 
45 340 45 180 
45 340 45 200 
45 340 45 220 
45 340 45 240 
45 340 45 260 
45 340 45 280 
45 340 45 300 
45 340 45 320 
45 340 45 340 
45 340 60 0 
45 340 60 18 
45 340 60 36 
45 340 60 54 
45 340 60 72 
45 340 60 90 
45 340 60 108 
45 340 60 126 
45 340 60 144 
45 340 60 162 
45 340 60 180 
45 340 60 198 
45 340 60 216 
45 340 60 234 
45 340 60 252 
45 340 60 270 
45 340 60 288 
45 340 60 306 
45 340 60 324 
45 340 60 342 
45 340 75 0 
45 340 75 15 
45 340 75 30 
45 340 75 45 
45 340 75 60 
45 340 75 75 
45 340 75 90 
45 340 75 105 
45 340 75 120 
45 340 75 135 
45 340 75 150 
45 340 75 165 
45 340 75 180 
45 340 75 195 
45 340 75 210 
45 340 75 225 
45 340 75 240 
45 340 75 255 
45 340 75 270 
45 340 75 285 
45 340 75 300 
45 340 75 315 
45 340 75 330 
45 340 75 345 
60 0 0 0 
60 0 15 0 
60 0 15 60 
60 0 15 120 
60 0 15 180 
60 0 15 240 
60 0 15 300 
60 0 30 0 
60 0 30 30 
60 0 30 60 
60 0 30 90 
60 0 30 120 
60 0 30 150 
60 0 30 180 
60 0 30 210 
60 0 30 240 
60 0 30 270 
60 0 30 300 
60 0 30 330 
60 0 45 0 
60 0 45 20 
60 0 45 40 
60 0 45 60 
60 0 45 80 
60 0 45 100 
60 0 45 120 
60 0 45 140 
60 0 45 160 
60 0 45 180 
60 0 45 200 
60 0 45 220 
60 0 45 240 
60 0 45 260 
60 0 45 280 
60 0 45 300 
60 0 45 320 
60 0 45 340 
60 0 60 0 
60 0 60 18 
60 0 60 36 
60 0 60 54 
60 0 60 72 
60 0 60 90 
60 0 60 108 
60 0 60 126 
60 0 60 144 
60 0 60 162 
60 0 60 180 
60 0 60 198 
60 0 60 216 
60 0 60 234 
60 0 60 252 
60 0 60 270 
60 0 60 288 
60 0 60 306 
60 0 60 324 
60 0 60 342 
60 0 75 0 
60 0 75 15 
60 0 75 30 
60 0 75 45 
60 0 75 60 
60 0 75 75 
60 0 75 90 
60 0 75 105 
60 0 75 120 
60 0 75 135 
60 0 75 150 
60 0 75 165 
60 0 75 180 
60 0 75 195 
60 0 75 210 
60 0 75 225 
60 0 75 240 
60 0 75 255 
60 0 75 270 
60 0 75 285 
60 0 75 300 
60 0 75 315 
60 0 75 330 
60 0 75 345 
60 18 0 0 
60 18 15 0 
60 18 15 60 
60 18 15 120 
60 18 15 180 
60 18 15 240 
60 18 15 300 
60 18 30 0 
60 18 30 30 
60 18 30 60 
60 18 30 90 
60 18 30 120 
60 18 30 150 
60 18 30 180 
60 18 30 210 
60 18 30 240 
60 18 30 270 
60 18 30 300 
60 18 30 330 
60 18 45 0 
60 18 45 20 
60 18 45 40 
60 18 45 60 
60 18 45 80 
60 18 45 100 
60 18 45 120 
60 18 45 140 
60 18 45 160 
60 18 45 180 
60 18 45 200 
60 18 45 220 
60 18 45 240 
60 18 45 260 
60 18 45 280 
60 18 45 300 
60 18 45 320 
60 18 45 340 
60 18 60 0 
60 18 60 18 
60 18 60 36 
60 18 60 54 
60 18 60 72 
60 18 60 90 
60 18 60 108 
60 18 60 126 
60 18 60 144 
60 18 60 162 
60 18 60 180 
60 18 60 198 
60 18 60 216 
60 18 60 234 
60 18 60 252 
60 18 60 270 
60 18 60 288 
60 18 60 306 
60 18 60 324 
60 18 60 342 
60 18 75 0 
60 18 75 15 
60 18 75 30 
60 18 75 45 
60 18 75 60 
60 18 75 75 
60 18 75 90 
60 18 75 105 
60 18 75 120 
60 18 75 135 
60 18 75 150 
60 18 75 165 
60 18 75 180 
60 18 75 195 
60 18 75 210 
60 18 75 225 
60 18 75 240 
60 18 75 255 
60 18 75 270 
60 18 75 285 
60 18 75 300 
60 18 75 315 
60 18 75 330 
60 18 75 345 
60 36 0 0 
60 36 15 0 
60 36 15 60 
60 36 15 120 
60 36 15 180 
60 36 15 240 
60 36 15 300 
60 36 30 0 
60 36 30 30 
60 36 30 60 
60 36 30 90 
60 36 30 120 
60 36 30 150 
60 36 30 180 
60 36 30 210 
60 36 30 240 
60 36 30 270 
60 36 30 300 
60 36 30 330 
60 36 45 0 
60 36 45 20 
60 36 45 40 
60 36 45 60 
60 36 45 80 
60 36 45 100 
60 36 45 120 
60 36 45 140 
60 36 45 160 
60 36 45 180 
60 36 45 200 
60 36 45 220 
60 36 45 240 
60 36 45 260 
60 36 45 280 
60 36 45 300 
60 36 45 320 
60 36 45 340 
60 36 60 0 
60 36 60 18 
60 36 60 36 
60 36 60 54 
60 36 60 72 
60 36 60 90 
60 36 60 108 
60 36 60 126 
60 36 60 144 
60 36 60 162 
60 36 60 180 
60 36 60 198 
60 36 60 216 
60 36 60 234 
60 36 60 252 
60 36 60 270 
60 36 60 288 
60 36 60 306 
60 36 60 324 
60 36 60 342 
60 36 75 0 
60 36 75 15 
60 36 75 30 
60 36 75 45 
60 36 75 60 
60 36 75 75 
60 36 75 90 
60 36 75 105 
60 36 75 120 
60 36 75 135 
60 36 75 150 
60 36 75 165 
60 36 75 180 
60 36 75 195 
60 36 75 210 
60 36 75 225 
60 36 75 240 
60 36 75 255 
60 36 75 270 
60 36 75 285 
60 36 75 300 
60 36 75 315 
60 36 75 330 
60 36 75 345 
60 54 0 0 
60 54 15 0 
60 54 15 60 
60 54 15 120 
60 54 15 180 
60 54 15 240 
60 54 15 300 
60 54 30 0 
60 54 30 30 
60 54 30 60 
60 54 30 90 
60 54 30 120 
60 54 30 150 
60 54 30 180 
60 54 30 210 
60 54 30 240 
60 54 30 270 
60 54 30 300 
60 54 30 330 
60 54 45 0 
60 54 45 20 
60 54 45 40 
60 54 45 60 
60 54 45 80 
60 54 45 100 
60 54 45 120 
60 54 45 140 
60 54 45 160 
60 54 45 180 
60 54 45 200 
60 54 45 220 
60 54 45 240 
60 54 45 260 
60 54 45 280 
60 54 45 300 
60 54 45 320 
60 54 45 340 
60 54 60 0 
60 54 60 18 
60 54 60 36 
60 54 60 54 
60 54 60 72 
60 54 60 90 
60 54 60 108 
60 54 60 126 
60 54 60 144 
60 54 60 162 
60 54 60 180 
60 54 60 198 
60 54 60 216 
60 54 60 234 
60 54 60 252 
60 54 60 270 
60 54 60 288 
60 54 60 306 
60 54 60 324 
60 54 60 342 
60 54 75 0 
60 54 75 15 
60 54 75 30 
60 54 75 45 
60 54 75 60 
60 54 75 75 
60 54 75 90 
60 54 75 105 
60 54 75 120 
60 54 75 135 
60 54 75 150 
60 54 75 165 
60 54 75 180 
60 54 75 195 
60 54 75 210 
60 54 75 225 
60 54 75 240 
60 54 75 255 
60 54 75 270 
60 54 75 285 
60 54 75 300 
60 54 75 315 
60 54 75 330 
60 54 75 345 
60 72 0 0 
60 72 15 0 
60 72 15 60 
60 72 15 120 
60 72 15 180 
60 72 15 240 
60 72 15 300 
60 72 30 0 
60 72 30 30 
60 72 30 60 
60 72 30 90 
60 72 30 120 
60 72 30 150 
60 72 30 180 
60 72 30 210 
60 72 30 240 
60 72 30 270 
60 72 30 300 
60 72 30 330 
60 72 45 0 
60 72 45 20 
60 72 45 40 
60 72 45 60 
60 72 45 80 
60 72 45 100 
60 72 45 120 
60 72 45 140 
60 72 45 160 
60 72 45 180 
60 72 45 200 
60 72 45 220 
60 72 45 240 
60 72 45 260 
60 72 45 280 
60 72 45 300 
60 72 45 320 
60 72 45 340 
60 72 60 0 
60 72 60 18 
60 72 60 36 
60 72 60 54 
60 72 60 72 
60 72 60 90 
60 72 60 108 
60 72 60 126 
60 72 60 144 
60 72 60 162 
60 72 60 180 
60 72 60 198 
60 72 60 216 
60 72 60 234 
60 72 60 252 
60 72 60 270 
60 72 60 288 
60 72 60 306 
60 72 60 324 
60 72 60 342 
60 72 75 0 
60 72 75 15 
60 72 75 30 
60 72 75 45 
60 72 75 60 
60 72 75 75 
60 72 75 90 
60 72 75 105 
60 72 75 120 
60 72 75 135 
60 72 75 150 
60 72 75 165 
60 72 75 180 
60 72 75 195 
60 72 75 210 
60 72 75 225 
60 72 75 240 
60 72 75 255 
60 72 75 270 
60 72 75 285 
60 72 75 300 
60 72 75 315 
60 72 75 330 
60 72 75 345 
60 90 0 0 
60 90 15 0 
60 90 15 60 
60 90 15 120 
60 90 15 180 
60 90 15 240 
60 90 15 300 
60 90 30 0 
60 90 30 30 
60 90 30 60 
60 90 30 90 
60 90 30 120 
60 90 30 150 
60 90 30 180 
60 90 30 210 
60 90 30 240 
60 90 30 270 
60 90 30 300 
60 90 30 330 
60 90 45 0 
60 90 45 20 
60 90 45 40 
60 90 45 60 
60 90 45 80 
60 90 45 100 
60 90 45 120 
60 90 45 140 
60 90 45 160 
60 90 45 180 
60 90 45 200 
60 90 45 220 
60 90 45 240 
60 90 45 260 
60 90 45 280 
60 90 45 300 
60 90 45 320 
60 90 45 340 
60 90 60 0 
60 90 60 18 
60 90 60 36 
60 90 60 54 
60 90 60 72 
60 90 60 90 
60 90 60 108 
60 90 60 126 
60 90 60 144 
60 90 60 162 
60 90 60 180 
60 90 60 198 
60 90 60 216 
60 90 60 234 
60 90 60 252 
60 90 60 270 
60 90 60 288 
60 90 60 306 
60 90 60 324 
60 90 60 342 
60 90 75 0 
60 90 75 15 
60 90 75 30 
60 90 75 45 
60 90 75 60 
60 90 75 75 
60 90 75 90 
60 90 75 105 
60 90 75 120 
60 90 75 135 
60 90 75 150 
60 90 75 165 
60 90 75 180 
60 90 75 195 
60 90 75 210 
60 90 75 225 
60 90 75 240 
60 90 75 255 
60 90 75 270 
60 90 75 285 
60 90 75 300 
60 90 75 315 
60 90 75 330 
60 90 75 345 
60 108 0 0 
60 108 15 0 
60 108 15 60 
60 108 15 120 
60 108 15 180 
60 108 15 240 
60 108 15 300 
60 108 30 0 
60 108 30 30 
60 108 30 60 
60 108 30 90 
60 108 30 120 
60 108 30 150 
60 108 30 180 
60 108 30 210 
60 108 30 240 
60 108 30 270 
60 108 30 300 
60 108 30 330 
60 108 45 0 
60 108 45 20 
60 108 45 40 
60 108 45 60 
60 108 45 80 
60 108 45 100 
60 108 45 120 
60 108 45 140 
60 108 45 160 
60 108 45 180 
60 108 45 200 
60 108 45 220 
60 108 45 240 
60 108 45 260 
60 108 45 280 
60 108 45 300 
60 108 45 320 
60 108 45 340 
60 108 60 0 
60 108 60 18 
60 108 60 36 
60 108 60 54 
60 108 60 72 
60 108 60 90 
60 108 60 108 
60 108 60 126 
60 108 60 144 
60 108 60 162 
60 108 60 180 
60 108 60 198 
60 108 60 216 
60 108 60 234 
60 108 60 252 
60 108 60 270 
60 108 60 288 
60 108 60 306 
60 108 60 324 
60 108 60 342 
60 108 75 0 
60 108 75 15 
60 108 75 30 
60 108 75 45 
60 108 75 60 
60 108 75 75 
60 108 75 90 
60 108 75 105 
60 108 75 120 
60 108 75 135 
60 108 75 150 
60 108 75 165 
60 108 75 180 
60 108 75 195 
60 108 75 210 
60 108 75 225 
60 108 75 240 
60 108 75 255 
60 108 75 270 
60 108 75 285 
60 108 75 300 
60 108 75 315 
60 108 75 330 
60 108 75 345 
60 126 0 0 
60 126 15 0 
60 126 15 60 
60 126 15 120 
60 126 15 180 
60 126 15 240 
60 126 15 300 
60 126 30 0 
60 126 30 30 
60 126 30 60 
60 126 30 90 
60 126 30 120 
60 126 30 150 
60 126 30 180 
60 126 30 210 
60 126 30 240 
60 126 30 270 
60 126 30 300 
60 126 30 330 
60 126 45 0 
60 126 45 20 
60 126 45 40 
60 126 45 60 
60 126 45 80 
60 126 45 100 
60 126 45 120 
60 126 45 140 
60 126 45 160 
60 126 45 180 
60 126 45 200 
60 126 45 220 
60 126 45 240 
60 126 45 260 
60 126 45 280 
60 126 45 300 
60 126 45 320 
60 126 45 340 
60 126 60 0 
60 126 60 18 
60 126 60 36 
60 126 60 54 
60 126 60 72 
60 126 60 90 
60 126 60 108 
60 126 60 126 
60 126 60 144 
60 126 60 162 
60 126 60 180 
60 126 60 198 
60 126 60 216 
60 126 60 234 
60 126 60 252 
60 126 60 270 
60 126 60 288 
60 126 60 306 
60 126 60 324 
60 126 60 342 
60 126 75 0 
60 126 75 15 
60 126 75 30 
60 126 75 45 
60 126 75 60 
60 126 75 75 
60 126 75 90 
60 126 75 105 
60 126 75 120 
60 126 75 135 
60 126 75 150 
60 126 75 165 
60 126 75 180 
60 126 75 195 
60 126 75 210 
60 126 75 225 
60 126 75 240 
60 126 75 255 
60 126 75 270 
60 126 75 285 
60 126 75 300 
60 126 75 315 
60 126 75 330 
60 126 75 345 
60 144 0 0 
60 144 15 0 
60 144 15 60 
60 144 15 120 
60 144 15 180 
60 144 15 240 
60 144 15 300 
60 144 30 0 
60 144 30 30 
60 144 30 60 
60 144 30 90 
60 144 30 120 
60 144 30 150 
60 144 30 180 
60 144 30 210 
60 144 30 240 
60 144 30 270 
60 144 30 300 
60 144 30 330 
60 144 45 0 
60 144 45 20 
60 144 45 40 
60 144 45 60 
60 144 45 80 
60 144 45 100 
60 144 45 120 
60 144 45 140 
60 144 45 160 
60 144 45 180 
60 144 45 200 
60 144 45 220 
60 144 45 240 
60 144 45 260 
60 144 45 280 
60 144 45 300 
60 144 45 320 
60 144 45 340 
60 144 60 0 
60 144 60 18 
60 144 60 36 
60 144 60 54 
60 144 60 72 
60 144 60 90 
60 144 60 108 
60 144 60 126 
60 144 60 144 
60 144 60 162 
60 144 60 180 
60 144 60 198 
60 144 60 216 
60 144 60 234 
60 144 60 252 
60 144 60 270 
60 144 60 288 
60 144 60 306 
60 144 60 324 
60 144 60 342 
60 144 75 0 
60 144 75 15 
60 144 75 30 
60 144 75 45 
60 144 75 60 
60 144 75 75 
60 144 75 90 
60 144 75 105 
60 144 75 120 
60 144 75 135 
60 144 75 150 
60 144 75 165 
60 144 75 180 
60 144 75 195 
60 144 75 210 
60 144 75 225 
60 144 75 240 
60 144 75 255 
60 144 75 270 
60 144 75 285 
60 144 75 300 
60 144 75 315 
60 144 75 330 
60 144 75 345 
60 162 0 0 
60 162 15 0 
60 162 15 60 
60 162 15 120 
60 162 15 180 
60 162 15 240 
60 162 15 300 
60 162 30 0 
60 162 30 30 
60 162 30 60 
60 162 30 90 
60 162 30 120 
60 162 30 150 
60 162 30 180 
60 162 30 210 
60 162 30 240 
60 162 30 270 
60 162 30 300 
60 162 30 330 
60 162 45 0 
60 162 45 20 
60 162 45 40 
60 162 45 60 
60 162 45 80 
60 162 45 100 
60 162 45 120 
60 162 45 140 
60 162 45 160 
60 162 45 180 
60 162 45 200 
60 162 45 220 
60 162 45 240 
60 162 45 260 
60 162 45 280 
60 162 45 300 
60 162 45 320 
60 162 45 340 
60 162 60 0 
60 162 60 18 
60 162 60 36 
60 162 60 54 
60 162 60 72 
60 162 60 90 
60 162 60 108 
60 162 60 126 
60 162 60 144 
60 162 60 162 
60 162 60 180 
60 162 60 198 
60 162 60 216 
60 162 60 234 
60 162 60 252 
60 162 60 270 
60 162 60 288 
60 162 60 306 
60 162 60 324 
60 162 60 342 
60 162 75 0 
60 162 75 15 
60 162 75 30 
60 162 75 45 
60 162 75 60 
60 162 75 75 
60 162 75 90 
60 162 75 105 
60 162 75 120 
60 162 75 135 
60 162 75 150 
60 162 75 165 
60 162 75 180 
60 162 75 195 
60 162 75 210 
60 162 75 225 
60 162 75 240 
60 162 75 255 
60 162 75 270 
60 162 75 285 
60 162 75 300 
60 162 75 315 
60 162 75 330 
60 162 75 345 
60 180 0 0 
60 180 15 0 
60 180 15 60 
60 180 15 120 
60 180 15 180 
60 180 15 240 
60 180 15 300 
60 180 30 0 
60 180 30 30 
60 180 30 60 
60 180 30 90 
60 180 30 120 
60 180 30 150 
60 180 30 180 
60 180 30 210 
60 180 30 240 
60 180 30 270 
60 180 30 300 
60 180 30 330 
60 180 45 0 
60 180 45 20 
60 180 45 40 
60 180 45 60 
60 180 45 80 
60 180 45 100 
60 180 45 120 
60 180 45 140 
60 180 45 160 
60 180 45 180 
60 180 45 200 
60 180 45 220 
60 180 45 240 
60 180 45 260 
60 180 45 280 
60 180 45 300 
60 180 45 320 
60 180 45 340 
60 180 60 0 
60 180 60 18 
60 180 60 36 
60 180 60 54 
60 180 60 72 
60 180 60 90 
60 180 60 108 
60 180 60 126 
60 180 60 144 
60 180 60 162 
60 180 60 180 
60 180 60 198 
60 180 60 216 
60 180 60 234 
60 180 60 252 
60 180 60 270 
60 180 60 288 
60 180 60 306 
60 180 60 324 
60 180 60 342 
60 180 75 0 
60 180 75 15 
60 180 75 30 
60 180 75 45 
60 180 75 60 
60 180 75 75 
60 180 75 90 
60 180 75 105 
60 180 75 120 
60 180 75 135 
60 180 75 150 
60 180 75 165 
60 180 75 180 
60 180 75 195 
60 180 75 210 
60 180 75 225 
60 180 75 240 
60 180 75 255 
60 180 75 270 
60 180 75 285 
60 180 75 300 
60 180 75 315 
60 180 75 330 
60 180 75 345 
60 198 0 0 
60 198 15 0 
60 198 15 60 
60 198 15 120 
60 198 15 180 
60 198 15 240 
60 198 15 300 
60 198 30 0 
60 198 30 30 
60 198 30 60 
60 198 30 90 
60 198 30 120 
60 198 30 150 
60 198 30 180 
60 198 30 210 
60 198 30 240 
60 198 30 270 
60 198 30 300 
60 198 30 330 
60 198 45 0 
60 198 45 20 
60 198 45 40 
60 198 45 60 
60 198 45 80 
60 198 45 100 
60 198 45 120 
60 198 45 140 
60 198 45 160 
60 198 45 180 
60 198 45 200 
60 198 45 220 
60 198 45 240 
60 198 45 260 
60 198 45 280 
60 198 45 300 
60 198 45 320 
60 198 45 340 
60 198 60 0 
60 198 60 18 
60 198 60 36 
60 198 60 54 
60 198 60 72 
60 198 60 90 
60 198 60 108 
60 198 60 126 
60 198 60 144 
60 198 60 162 
60 198 60 180 
60 198 60 198 
60 198 60 216 
60 198 60 234 
60 198 60 252 
60 198 60 270 
60 198 60 288 
60 198 60 306 
60 198 60 324 
60 198 60 342 
60 198 75 0 
60 198 75 15 
60 198 75 30 
60 198 75 45 
60 198 75 60 
60 198 75 75 
60 198 75 90 
60 198 75 105 
60 198 75 120 
60 198 75 135 
60 198 75 150 
60 198 75 165 
60 198 75 180 
60 198 75 195 
60 198 75 210 
60 198 75 225 
60 198 75 240 
60 198 75 255 
60 198 75 270 
60 198 75 285 
60 198 75 300 
60 198 75 315 
60 198 75 330 
60 198 75 345 
60 216 0 0 
60 216 15 0 
60 216 15 60 
60 216 15 120 
60 216 15 180 
60 216 15 240 
60 216 15 300 
60 216 30 0 
60 216 30 30 
60 216 30 60 
60 216 30 90 
60 216 30 120 
60 216 30 150 
60 216 30 180 
60 216 30 210 
60 216 30 240 
60 216 30 270 
60 216 30 300 
60 216 30 330 
60 216 45 0 
60 216 45 20 
60 216 45 40 
60 216 45 60 
60 216 45 80 
60 216 45 100 
60 216 45 120 
60 216 45 140 
60 216 45 160 
60 216 45 180 
60 216 45 200 
60 216 45 220 
60 216 45 240 
60 216 45 260 
60 216 45 280 
60 216 45 300 
60 216 45 320 
60 216 45 340 
60 216 60 0 
60 216 60 18 
60 216 60 36 
60 216 60 54 
60 216 60 72 
60 216 60 90 
60 216 60 108 
60 216 60 126 
60 216 60 144 
60 216 60 162 
60 216 60 180 
60 216 60 198 
60 216 60 216 
60 216 60 234 
60 216 60 252 
60 216 60 270 
60 216 60 288 
60 216 60 306 
60 216 60 324 
60 216 60 342 
60 216 75 0 
60 216 75 15 
60 216 75 30 
60 216 75 45 
60 216 75 60 
60 216 75 75 
60 216 75 90 
60 216 75 105 
60 216 75 120 
60 216 75 135 
60 216 75 150 
60 216 75 165 
60 216 75 180 
60 216 75 195 
60 216 75 210 
60 216 75 225 
60 216 75 240 
60 216 75 255 
60 216 75 270 
60 216 75 285 
60 216 75 300 
60 216 75 315 
60 216 75 330 
60 216 75 345 
60 234 0 0 
60 234 15 0 
60 234 15 60 
60 234 15 120 
60 234 15 180 
60 234 15 240 
60 234 15 300 
60 234 30 0 
60 234 30 30 
60 234 30 60 
60 234 30 90 
60 234 30 120 
60 234 30 150 
60 234 30 180 
60 234 30 210 
60 234 30 240 
60 234 30 270 
60 234 30 300 
60 234 30 330 
60 234 45 0 
60 234 45 20 
60 234 45 40 
60 234 45 60 
60 234 45 80 
60 234 45 100 
60 234 45 120 
60 234 45 140 
60 234 45 160 
60 234 45 180 
60 234 45 200 
60 234 45 220 
60 234 45 240 
60 234 45 260 
60 234 45 280 
60 234 45 300 
60 234 45 320 
60 234 45 340 
60 234 60 0 
60 234 60 18 
60 234 60 36 
60 234 60 54 
60 234 60 72 
60 234 60 90 
60 234 60 108 
60 234 60 126 
60 234 60 144 
60 234 60 162 
60 234 60 180 
60 234 60 198 
60 234 60 216 
60 234 60 234 
60 234 60 252 
60 234 60 270 
60 234 60 288 
60 234 60 306 
60 234 60 324 
60 234 60 342 
60 234 75 0 
60 234 75 15 
60 234 75 30 
60 234 75 45 
60 234 75 60 
60 234 75 75 
60 234 75 90 
60 234 75 105 
60 234 75 120 
60 234 75 135 
60 234 75 150 
60 234 75 165 
60 234 75 180 
60 234 75 195 
60 234 75 210 
60 234 75 225 
60 234 75 240 
60 234 75 255 
60 234 75 270 
60 234 75 285 
60 234 75 300 
60 234 75 315 
60 234 75 330 
60 234 75 345 
60 252 0 0 
60 252 15 0 
60 252 15 60 
60 252 15 120 
60 252 15 180 
60 252 15 240 
60 252 15 300 
60 252 30 0 
60 252 30 30 
60 252 30 60 
60 252 30 90 
60 252 30 120 
60 252 30 150 
60 252 30 180 
60 252 30 210 
60 252 30 240 
60 252 30 270 
60 252 30 300 
60 252 30 330 
60 252 45 0 
60 252 45 20 
60 252 45 40 
60 252 45 60 
60 252 45 80 
60 252 45 100 
60 252 45 120 
60 252 45 140 
60 252 45 160 
60 252 45 180 
60 252 45 200 
60 252 45 220 
60 252 45 240 
60 252 45 260 
60 252 45 280 
60 252 45 300 
60 252 45 320 
60 252 45 340 
60 252 60 0 
60 252 60 18 
60 252 60 36 
60 252 60 54 
60 252 60 72 
60 252 60 90 
60 252 60 108 
60 252 60 126 
60 252 60 144 
60 252 60 162 
60 252 60 180 
60 252 60 198 
60 252 60 216 
60 252 60 234 
60 252 60 252 
60 252 60 270 
60 252 60 288 
60 252 60 306 
60 252 60 324 
60 252 60 342 
60 252 75 0 
60 252 75 15 
60 252 75 30 
60 252 75 45 
60 252 75 60 
60 252 75 75 
60 252 75 90 
60 252 75 105 
60 252 75 120 
60 252 75 135 
60 252 75 150 
60 252 75 165 
60 252 75 180 
60 252 75 195 
60 252 75 210 
60 252 75 225 
60 252 75 240 
60 252 75 255 
60 252 75 270 
60 252 75 285 
60 252 75 300 
60 252 75 315 
60 252 75 330 
60 252 75 345 
60 270 0 0 
60 270 15 0 
60 270 15 60 
60 270 15 120 
60 270 15 180 
60 270 15 240 
60 270 15 300 
60 270 30 0 
60 270 30 30 
60 270 30 60 
60 270 30 90 
60 270 30 120 
60 270 30 150 
60 270 30 180 
60 270 30 210 
60 270 30 240 
60 270 30 270 
60 270 30 300 
60 270 30 330 
60 270 45 0 
60 270 45 20 
60 270 45 40 
60 270 45 60 
60 270 45 80 
60 270 45 100 
60 270 45 120 
60 270 45 140 
60 270 45 160 
60 270 45 180 
60 270 45 200 
60 270 45 220 
60 270 45 240 
60 270 45 260 
60 270 45 280 
60 270 45 300 
60 270 45 320 
60 270 45 340 
60 270 60 0 
60 270 60 18 
60 270 60 36 
60 270 60 54 
60 270 60 72 
60 270 60 90 
60 270 60 108 
60 270 60 126 
60 270 60 144 
60 270 60 162 
60 270 60 180 
60 270 60 198 
60 270 60 216 
60 270 60 234 
60 270 60 252 
60 270 60 270 
60 270 60 288 
60 270 60 306 
60 270 60 324 
60 270 60 342 
60 270 75 0 
60 270 75 15 
60 270 75 30 
60 270 75 45 
60 270 75 60 
60 270 75 75 
60 270 75 90 
60 270 75 105 
60 270 75 120 
60 270 75 135 
60 270 75 150 
60 270 75 165 
60 270 75 180 
60 270 75 195 
60 270 75 210 
60 270 75 225 
60 270 75 240 
60 270 75 255 
60 270 75 270 
60 270 75 285 
60 270 75 300 
60 270 75 315 
60 270 75 330 
60 270 75 345 
60 288 0 0 
60 288 15 0 
60 288 15 60 
60 288 15 120 
60 288 15 180 
60 288 15 240 
60 288 15 300 
60 288 30 0 
60 288 30 30 
60 288 30 60 
60 288 30 90 
60 288 30 120 
60 288 30 150 
60 288 30 180 
60 288 30 210 
60 288 30 240 
60 288 30 270 
60 288 30 300 
60 288 30 330 
60 288 45 0 
60 288 45 20 
60 288 45 40 
60 288 45 60 
60 288 45 80 
60 288 45 100 
60 288 45 120 
60 288 45 140 
60 288 45 160 
60 288 45 180 
60 288 45 200 
60 288 45 220 
60 288 45 240 
60 288 45 260 
60 288 45 280 
60 288 45 300 
60 288 45 320 
60 288 45 340 
60 288 60 0 
60 288 60 18 
60 288 60 36 
60 288 60 54 
60 288 60 72 
60 288 60 90 
60 288 60 108 
60 288 60 126 
60 288 60 144 
60 288 60 162 
60 288 60 180 
60 288 60 198 
60 288 60 216 
60 288 60 234 
60 288 60 252 
60 288 60 270 
60 288 60 288 
60 288 60 306 
60 288 60 324 
60 288 60 342 
60 288 75 0 
60 288 75 15 
60 288 75 30 
60 288 75 45 
60 288 75 60 
60 288 75 75 
60 288 75 90 
60 288 75 105 
60 288 75 120 
60 288 75 135 
60 288 75 150 
60 288 75 165 
60 288 75 180 
60 288 75 195 
60 288 75 210 
60 288 75 225 
60 288 75 240 
60 288 75 255 
60 288 75 270 
60 288 75 285 
60 288 75 300 
60 288 75 315 
60 288 75 330 
60 288 75 345 
60 306 0 0 
60 306 15 0 
60 306 15 60 
60 306 15 120 
60 306 15 180 
60 306 15 240 
60 306 15 300 
60 306 30 0 
60 306 30 30 
60 306 30 60 
60 306 30 90 
60 306 30 120 
60 306 30 150 
60 306 30 180 
60 306 30 210 
60 306 30 240 
60 306 30 270 
60 306 30 300 
60 306 30 330 
60 306 45 0 
60 306 45 20 
60 306 45 40 
60 306 45 60 
60 306 45 80 
60 306 45 100 
60 306 45 120 
60 306 45 140 
60 306 45 160 
60 306 45 180 
60 306 45 200 
60 306 45 220 
60 306 45 240 
60 306 45 260 
60 306 45 280 
60 306 45 300 
60 306 45 320 
60 306 45 340 
60 306 60 0 
60 306 60 18 
60 306 60 36 
60 306 60 54 
60 306 60 72 
60 306 60 90 
60 306 60 108 
60 306 60 126 
60 306 60 144 
60 306 60 162 
60 306 60 180 
60 306 60 198 
60 306 60 216 
60 306 60 234 
60 306 60 252 
60 306 60 270 
60 306 60 288 
60 306 60 306 
60 306 60 324 
60 306 60 342 
60 306 75 0 
60 306 75 15 
60 306 75 30 
60 306 75 45 
60 306 75 60 
60 306 75 75 
60 306 75 90 
60 306 75 105 
60 306 75 120 
60 306 75 135 
60 306 75 150 
60 306 75 165 
60 306 75 180 
60 306 75 195 
60 306 75 210 
60 306 75 225 
60 306 75 240 
60 306 75 255 
60 306 75 270 
60 306 75 285 
60 306 75 300 
60 306 75 315 
60 306 75 330 
60 306 75 345 
60 324 0 0 
60 324 15 0 
60 324 15 60 
60 324 15 120 
60 324 15 180 
60 324 15 240 
60 324 15 300 
60 324 30 0 
60 324 30 30 
60 324 30 60 
60 324 30 90 
60 324 30 120 
60 324 30 150 
60 324 30 180 
60 324 30 210 
60 324 30 240 
60 324 30 270 
60 324 30 300 
60 324 30 330 
60 324 45 0 
60 324 45 20 
60 324 45 40 
60 324 45 60 
60 324 45 80 
60 324 45 100 
60 324 45 120 
60 324 45 140 
60 324 45 160 
60 324 45 180 
60 324 45 200 
60 324 45 220 
60 324 45 240 
60 324 45 260 
60 324 45 280 
60 324 45 300 
60 324 45 320 
60 324 45 340 
60 324 60 0 
60 324 60 18 
60 324 60 36 
60 324 60 54 
60 324 60 72 
60 324 60 90 
60 324 60 108 
60 324 60 126 
60 324 60 144 
60 324 60 162 
60 324 60 180 
60 324 60 198 
60 324 60 216 
60 324 60 234 
60 324 60 252 
60 324 60 270 
60 324 60 288 
60 324 60 306 
60 324 60 324 
60 324 60 342 
60 324 75 0 
60 324 75 15 
60 324 75 30 
60 324 75 45 
60 324 75 60 
60 324 75 75 
60 324 75 90 
60 324 75 105 
60 324 75 120 
60 324 75 135 
60 324 75 150 
60 324 75 165 
60 324 75 180 
60 324 75 195 
60 324 75 210 
60 324 75 225 
60 324 75 240 
60 324 75 255 
60 324 75 270 
60 324 75 285 
60 324 75 300 
60 324 75 315 
60 324 75 330 
60 324 75 345 
60 342 0 0 
60 342 15 0 
60 342 15 60 
60 342 15 120 
60 342 15 180 
60 342 15 240 
60 342 15 300 
60 342 30 0 
60 342 30 30 
60 342 30 60 
60 342 30 90 
60 342 30 120 
60 342 30 150 
60 342 30 180 
60 342 30 210 
60 342 30 240 
60 342 30 270 
60 342 30 300 
60 342 30 330 
60 342 45 0 
60 342 45 20 
60 342 45 40 
60 342 45 60 
60 342 45 80 
60 342 45 100 
60 342 45 120 
60 342 45 140 
60 342 45 160 
60 342 45 180 
60 342 45 200 
60 342 45 220 
60 342 45 240 
60 342 45 260 
60 342 45 280 
60 342 45 300 
60 342 45 320 
60 342 45 340 
60 342 60 0 
60 342 60 18 
60 342 60 36 
60 342 60 54 
60 342 60 72 
60 342 60 90 
60 342 60 108 
60 342 60 126 
60 342 60 144 
60 342 60 162 
60 342 60 180 
60 342 60 198 
60 342 60 216 
60 342 60 234 
60 342 60 252 
60 342 60 270 
60 342 60 288 
60 342 60 306 
60 342 60 324 
60 342 60 342 
60 342 75 0 
60 342 75 15 
60 342 75 30 
60 342 75 45 
60 342 75 60 
60 342 75 75 
60 342 75 90 
60 342 75 105 
60 342 75 120 
60 342 75 135 
60 342 75 150 
60 342 75 165 
60 342 75 180 
60 342 75 195 
60 342 75 210 
60 342 75 225 
60 342 75 240 
60 342 75 255 
60 342 75 270 
60 342 75 285 
60 342 75 300 
60 342 75 315 
60 342 75 330 
60 342 75 345 
75 0 0 0 
75 0 15 0 
75 0 15 60 
75 0 15 120 
75 0 15 180 
75 0 15 240 
75 0 15 300 
75 0 30 0 
75 0 30 30 
75 0 30 60 
75 0 30 90 
75 0 30 120 
75 0 30 150 
75 0 30 180 
75 0 30 210 
75 0 30 240 
75 0 30 270 
75 0 30 300 
75 0 30 330 
75 0 45 0 
75 0 45 20 
75 0 45 40 
75 0 45 60 
75 0 45 80 
75 0 45 100 
75 0 45 120 
75 0 45 140 
75 0 45 160 
75 0 45 180 
75 0 45 200 
75 0 45 220 
75 0 45 240 
75 0 45 260 
75 0 45 280 
75 0 45 300 
75 0 45 320 
75 0 45 340 
75 0 60 0 
75 0 60 18 
75 0 60 36 
75 0 60 54 
75 0 60 72 
75 0 60 90 
75 0 60 108 
75 0 60 126 
75 0 60 144 
75 0 60 162 
75 0 60 180 
75 0 60 198 
75 0 60 216 
75 0 60 234 
75 0 60 252 
75 0 60 270 
75 0 60 288 
75 0 60 306 
75 0 60 324 
75 0 60 342 
75 0 75 0 
75 0 75 15 
75 0 75 30 
75 0 75 45 
75 0 75 60 
75 0 75 75 
75 0 75 90 
75 0 75 105 
75 0 75 120 
75 0 75 135 
75 0 75 150 
75 0 75 165 
75 0 75 180 
75 0 75 195 
75 0 75 210 
75 0 75 225 
75 0 75 240 
75 0 75 255 
75 0 75 270 
75 0 75 285 
75 0 75 300 
75 0 75 315 
75 0 75 330 
75 0 75 345 
75 15 0 0 
75 15 15 0 
75 15 15 60 
75 15 15 120 
75 15 15 180 
75 15 15 240 
75 15 15 300 
75 15 30 0 
75 15 30 30 
75 15 30 60 
75 15 30 90 
75 15 30 120 
75 15 30 150 
75 15 30 180 
75 15 30 210 
75 15 30 240 
75 15 30 270 
75 15 30 300 
75 15 30 330 
75 15 45 0 
75 15 45 20 
75 15 45 40 
75 15 45 60 
75 15 45 80 
75 15 45 100 
75 15 45 120 
75 15 45 140 
75 15 45 160 
75 15 45 180 
75 15 45 200 
75 15 45 220 
75 15 45 240 
75 15 45 260 
75 15 45 280 
75 15 45 300 
75 15 45 320 
75 15 45 340 
75 15 60 0 
75 15 60 18 
75 15 60 36 
75 15 60 54 
75 15 60 72 
75 15 60 90 
75 15 60 108 
75 15 60 126 
75 15 60 144 
75 15 60 162 
75 15 60 180 
75 15 60 198 
75 15 60 216 
75 15 60 234 
75 15 60 252 
75 15 60 270 
75 15 60 288 
75 15 60 306 
75 15 60 324 
75 15 60 342 
75 15 75 0 
75 15 75 15 
75 15 75 30 
75 15 75 45 
75 15 75 60 
75 15 75 75 
75 15 75 90 
75 15 75 105 
75 15 75 120 
75 15 75 135 
75 15 75 150 
75 15 75 165 
75 15 75 180 
75 15 75 195 
75 15 75 210 
75 15 75 225 
75 15 75 240 
75 15 75 255 
75 15 75 270 
75 15 75 285 
75 15 75 300 
75 15 75 315 
75 15 75 330 
75 15 75 345 
75 30 0 0 
75 30 15 0 
75 30 15 60 
75 30 15 120 
75 30 15 180 
75 30 15 240 
75 30 15 300 
75 30 30 0 
75 30 30 30 
75 30 30 60 
75 30 30 90 
75 30 30 120 
75 30 30 150 
75 30 30 180 
75 30 30 210 
75 30 30 240 
75 30 30 270 
75 30 30 300 
75 30 30 330 
75 30 45 0 
75 30 45 20 
75 30 45 40 
75 30 45 60 
75 30 45 80 
75 30 45 100 
75 30 45 120 
75 30 45 140 
75 30 45 160 
75 30 45 180 
75 30 45 200 
75 30 45 220 
75 30 45 240 
75 30 45 260 
75 30 45 280 
75 30 45 300 
75 30 45 320 
75 30 45 340 
75 30 60 0 
75 30 60 18 
75 30 60 36 
75 30 60 54 
75 30 60 72 
75 30 60 90 
75 30 60 108 
75 30 60 126 
75 30 60 144 
75 30 60 162 
75 30 60 180 
75 30 60 198 
75 30 60 216 
75 30 60 234 
75 30 60 252 
75 30 60 270 
75 30 60 288 
75 30 60 306 
75 30 60 324 
75 30 60 342 
75 30 75 0 
75 30 75 15 
75 30 75 30 
75 30 75 45 
75 30 75 60 
75 30 75 75 
75 30 75 90 
75 30 75 105 
75 30 75 120 
75 30 75 135 
75 30 75 150 
75 30 75 165 
75 30 75 180 
75 30 75 195 
75 30 75 210 
75 30 75 225 
75 30 75 240 
75 30 75 255 
75 30 75 270 
75 30 75 285 
75 30 75 300 
75 30 75 315 
75 30 75 330 
75 30 75 345 
75 45 0 0 
75 45 15 0 
75 45 15 60 
75 45 15 120 
75 45 15 180 
75 45 15 240 
75 45 15 300 
75 45 30 0 
75 45 30 30 
75 45 30 60 
75 45 30 90 
75 45 30 120 
75 45 30 150 
75 45 30 180 
75 45 30 210 
75 45 30 240 
75 45 30 270 
75 45 30 300 
75 45 30 330 
75 45 45 0 
75 45 45 20 
75 45 45 40 
75 45 45 60 
75 45 45 80 
75 45 45 100 
75 45 45 120 
75 45 45 140 
75 45 45 160 
75 45 45 180 
75 45 45 200 
75 45 45 220 
75 45 45 240 
75 45 45 260 
75 45 45 280 
75 45 45 300 
75 45 45 320 
75 45 45 340 
75 45 60 0 
75 45 60 18 
75 45 60 36 
75 45 60 54 
75 45 60 72 
75 45 60 90 
75 45 60 108 
75 45 60 126 
75 45 60 144 
75 45 60 162 
75 45 60 180 
75 45 60 198 
75 45 60 216 
75 45 60 234 
75 45 60 252 
75 45 60 270 
75 45 60 288 
75 45 60 306 
75 45 60 324 
75 45 60 342 
75 45 75 0 
75 45 75 15 
75 45 75 30 
75 45 75 45 
75 45 75 60 
75 45 75 75 
75 45 75 90 
75 45 75 105 
75 45 75 120 
75 45 75 135 
75 45 75 150 
75 45 75 165 
75 45 75 180 
75 45 75 195 
75 45 75 210 
75 45 75 225 
75 45 75 240 
75 45 75 255 
75 45 75 270 
75 45 75 285 
75 45 75 300 
75 45 75 315 
75 45 75 330 
75 45 75 345 
75 60 0 0 
75 60 15 0 
75 60 15 60 
75 60 15 120 
75 60 15 180 
75 60 15 240 
75 60 15 300 
75 60 30 0 
75 60 30 30 
75 60 30 60 
75 60 30 90 
75 60 30 120 
75 60 30 150 
75 60 30 180 
75 60 30 210 
75 60 30 240 
75 60 30 270 
75 60 30 300 
75 60 30 330 
75 60 45 0 
75 60 45 20 
75 60 45 40 
75 60 45 60 
75 60 45 80 
75 60 45 100 
75 60 45 120 
75 60 45 140 
75 60 45 160 
75 60 45 180 
75 60 45 200 
75 60 45 220 
75 60 45 240 
75 60 45 260 
75 60 45 280 
75 60 45 300 
75 60 45 320 
75 60 45 340 
75 60 60 0 
75 60 60 18 
75 60 60 36 
75 60 60 54 
75 60 60 72 
75 60 60 90 
75 60 60 108 
75 60 60 126 
75 60 60 144 
75 60 60 162 
75 60 60 180 
75 60 60 198 
75 60 60 216 
75 60 60 234 
75 60 60 252 
75 60 60 270 
75 60 60 288 
75 60 60 306 
75 60 60 324 
75 60 60 342 
75 60 75 0 
75 60 75 15 
75 60 75 30 
75 60 75 45 
75 60 75 60 
75 60 75 75 
75 60 75 90 
75 60 75 105 
75 60 75 120 
75 60 75 135 
75 60 75 150 
75 60 75 165 
75 60 75 180 
75 60 75 195 
75 60 75 210 
75 60 75 225 
75 60 75 240 
75 60 75 255 
75 60 75 270 
75 60 75 285 
75 60 75 300 
75 60 75 315 
75 60 75 330 
75 60 75 345 
75 75 0 0 
75 75 15 0 
75 75 15 60 
75 75 15 120 
75 75 15 180 
75 75 15 240 
75 75 15 300 
75 75 30 0 
75 75 30 30 
75 75 30 60 
75 75 30 90 
75 75 30 120 
75 75 30 150 
75 75 30 180 
75 75 30 210 
75 75 30 240 
75 75 30 270 
75 75 30 300 
75 75 30 330 
75 75 45 0 
75 75 45 20 
75 75 45 40 
75 75 45 60 
75 75 45 80 
75 75 45 100 
75 75 45 120 
75 75 45 140 
75 75 45 160 
75 75 45 180 
75 75 45 200 
75 75 45 220 
75 75 45 240 
75 75 45 260 
75 75 45 280 
75 75 45 300 
75 75 45 320 
75 75 45 340 
75 75 60 0 
75 75 60 18 
75 75 60 36 
75 75 60 54 
75 75 60 72 
75 75 60 90 
75 75 60 108 
75 75 60 126 
75 75 60 144 
75 75 60 162 
75 75 60 180 
75 75 60 198 
75 75 60 216 
75 75 60 234 
75 75 60 252 
75 75 60 270 
75 75 60 288 
75 75 60 306 
75 75 60 324 
75 75 60 342 
75 75 75 0 
75 75 75 15 
75 75 75 30 
75 75 75 45 
75 75 75 60 
75 75 75 75 
75 75 75 90 
75 75 75 105 
75 75 75 120 
75 75 75 135 
75 75 75 150 
75 75 75 165 
75 75 75 180 
75 75 75 195 
75 75 75 210 
75 75 75 225 
75 75 75 240 
75 75 75 255 
75 75 75 270 
75 75 75 285 
75 75 75 300 
75 75 75 315 
75 75 75 330 
75 75 75 345 
75 90 0 0 
75 90 15 0 
75 90 15 60 
75 90 15 120 
75 90 15 180 
75 90 15 240 
75 90 15 300 
75 90 30 0 
75 90 30 30 
75 90 30 60 
75 90 30 90 
75 90 30 120 
75 90 30 150 
75 90 30 180 
75 90 30 210 
75 90 30 240 
75 90 30 270 
75 90 30 300 
75 90 30 330 
75 90 45 0 
75 90 45 20 
75 90 45 40 
75 90 45 60 
75 90 45 80 
75 90 45 100 
75 90 45 120 
75 90 45 140 
75 90 45 160 
75 90 45 180 
75 90 45 200 
75 90 45 220 
75 90 45 240 
75 90 45 260 
75 90 45 280 
75 90 45 300 
75 90 45 320 
75 90 45 340 
75 90 60 0 
75 90 60 18 
75 90 60 36 
75 90 60 54 
75 90 60 72 
75 90 60 90 
75 90 60 108 
75 90 60 126 
75 90 60 144 
75 90 60 162 
75 90 60 180 
75 90 60 198 
75 90 60 216 
75 90 60 234 
75 90 60 252 
75 90 60 270 
75 90 60 288 
75 90 60 306 
75 90 60 324 
75 90 60 342 
75 90 75 0 
75 90 75 15 
75 90 75 30 
75 90 75 45 
75 90 75 60 
75 90 75 75 
75 90 75 90 
75 90 75 105 
75 90 75 120 
75 90 75 135 
75 90 75 150 
75 90 75 165 
75 90 75 180 
75 90 75 195 
75 90 75 210 
75 90 75 225 
75 90 75 240 
75 90 75 255 
75 90 75 270 
75 90 75 285 
75 90 75 300 
75 90 75 315 
75 90 75 330 
75 90 75 345 
75 105 0 0 
75 105 15 0 
75 105 15 60 
75 105 15 120 
75 105 15 180 
75 105 15 240 
75 105 15 300 
75 105 30 0 
75 105 30 30 
75 105 30 60 
75 105 30 90 
75 105 30 120 
75 105 30 150 
75 105 30 180 
75 105 30 210 
75 105 30 240 
75 105 30 270 
75 105 30 300 
75 105 30 330 
75 105 45 0 
75 105 45 20 
75 105 45 40 
75 105 45 60 
75 105 45 80 
75 105 45 100 
75 105 45 120 
75 105 45 140 
75 105 45 160 
75 105 45 180 
75 105 45 200 
75 105 45 220 
75 105 45 240 
75 105 45 260 
75 105 45 280 
75 105 45 300 
75 105 45 320 
75 105 45 340 
75 105 60 0 
75 105 60 18 
75 105 60 36 
75 105 60 54 
75 105 60 72 
75 105 60 90 
75 105 60 108 
75 105 60 126 
75 105 60 144 
75 105 60 162 
75 105 60 180 
75 105 60 198 
75 105 60 216 
75 105 60 234 
75 105 60 252 
75 105 60 270 
75 105 60 288 
75 105 60 306 
75 105 60 324 
75 105 60 342 
75 105 75 0 
75 105 75 15 
75 105 75 30 
75 105 75 45 
75 105 75 60 
75 105 75 75 
75 105 75 90 
75 105 75 105 
75 105 75 120 
75 105 75 135 
75 105 75 150 
75 105 75 165 
75 105 75 180 
75 105 75 195 
75 105 75 210 
75 105 75 225 
75 105 75 240 
75 105 75 255 
75 105 75 270 
75 105 75 285 
75 105 75 300 
75 105 75 315 
75 105 75 330 
75 105 75 345 
75 120 0 0 
75 120 15 0 
75 120 15 60 
75 120 15 120 
75 120 15 180 
75 120 15 240 
75 120 15 300 
75 120 30 0 
75 120 30 30 
75 120 30 60 
75 120 30 90 
75 120 30 120 
75 120 30 150 
75 120 30 180 
75 120 30 210 
75 120 30 240 
75 120 30 270 
75 120 30 300 
75 120 30 330 
75 120 45 0 
75 120 45 20 
75 120 45 40 
75 120 45 60 
75 120 45 80 
75 120 45 100 
75 120 45 120 
75 120 45 140 
75 120 45 160 
75 120 45 180 
75 120 45 200 
75 120 45 220 
75 120 45 240 
75 120 45 260 
75 120 45 280 
75 120 45 300 
75 120 45 320 
75 120 45 340 
75 120 60 0 
75 120 60 18 
75 120 60 36 
75 120 60 54 
75 120 60 72 
75 120 60 90 
75 120 60 108 
75 120 60 126 
75 120 60 144 
75 120 60 162 
75 120 60 180 
75 120 60 198 
75 120 60 216 
75 120 60 234 
75 120 60 252 
75 120 60 270 
75 120 60 288 
75 120 60 306 
75 120 60 324 
75 120 60 342 
75 120 75 0 
75 120 75 15 
75 120 75 30 
75 120 75 45 
75 120 75 60 
75 120 75 75 
75 120 75 90 
75 120 75 105 
75 120 75 120 
75 120 75 135 
75 120 75 150 
75 120 75 165 
75 120 75 180 
75 120 75 195 
75 120 75 210 
75 120 75 225 
75 120 75 240 
75 120 75 255 
75 120 75 270 
75 120 75 285 
75 120 75 300 
75 120 75 315 
75 120 75 330 
75 120 75 345 
75 135 0 0 
75 135 15 0 
75 135 15 60 
75 135 15 120 
75 135 15 180 
75 135 15 240 
75 135 15 300 
75 135 30 0 
75 135 30 30 
75 135 30 60 
75 135 30 90 
75 135 30 120 
75 135 30 150 
75 135 30 180 
75 135 30 210 
75 135 30 240 
75 135 30 270 
75 135 30 300 
75 135 30 330 
75 135 45 0 
75 135 45 20 
75 135 45 40 
75 135 45 60 
75 135 45 80 
75 135 45 100 
75 135 45 120 
75 135 45 140 
75 135 45 160 
75 135 45 180 
75 135 45 200 
75 135 45 220 
75 135 45 240 
75 135 45 260 
75 135 45 280 
75 135 45 300 
75 135 45 320 
75 135 45 340 
75 135 60 0 
75 135 60 18 
75 135 60 36 
75 135 60 54 
75 135 60 72 
75 135 60 90 
75 135 60 108 
75 135 60 126 
75 135 60 144 
75 135 60 162 
75 135 60 180 
75 135 60 198 
75 135 60 216 
75 135 60 234 
75 135 60 252 
75 135 60 270 
75 135 60 288 
75 135 60 306 
75 135 60 324 
75 135 60 342 
75 135 75 0 
75 135 75 15 
75 135 75 30 
75 135 75 45 
75 135 75 60 
75 135 75 75 
75 135 75 90 
75 135 75 105 
75 135 75 120 
75 135 75 135 
75 135 75 150 
75 135 75 165 
75 135 75 180 
75 135 75 195 
75 135 75 210 
75 135 75 225 
75 135 75 240 
75 135 75 255 
75 135 75 270 
75 135 75 285 
75 135 75 300 
75 135 75 315 
75 135 75 330 
75 135 75 345 
75 150 0 0 
75 150 15 0 
75 150 15 60 
75 150 15 120 
75 150 15 180 
75 150 15 240 
75 150 15 300 
75 150 30 0 
75 150 30 30 
75 150 30 60 
75 150 30 90 
75 150 30 120 
75 150 30 150 
75 150 30 180 
75 150 30 210 
75 150 30 240 
75 150 30 270 
75 150 30 300 
75 150 30 330 
75 150 45 0 
75 150 45 20 
75 150 45 40 
75 150 45 60 
75 150 45 80 
75 150 45 100 
75 150 45 120 
75 150 45 140 
75 150 45 160 
75 150 45 180 
75 150 45 200 
75 150 45 220 
75 150 45 240 
75 150 45 260 
75 150 45 280 
75 150 45 300 
75 150 45 320 
75 150 45 340 
75 150 60 0 
75 150 60 18 
75 150 60 36 
75 150 60 54 
75 150 60 72 
75 150 60 90 
75 150 60 108 
75 150 60 126 
75 150 60 144 
75 150 60 162 
75 150 60 180 
75 150 60 198 
75 150 60 216 
75 150 60 234 
75 150 60 252 
75 150 60 270 
75 150 60 288 
75 150 60 306 
75 150 60 324 
75 150 60 342 
75 150 75 0 
75 150 75 15 
75 150 75 30 
75 150 75 45 
75 150 75 60 
75 150 75 75 
75 150 75 90 
75 150 75 105 
75 150 75 120 
75 150 75 135 
75 150 75 150 
75 150 75 165 
75 150 75 180 
75 150 75 195 
75 150 75 210 
75 150 75 225 
75 150 75 240 
75 150 75 255 
75 150 75 270 
75 150 75 285 
75 150 75 300 
75 150 75 315 
75 150 75 330 
75 150 75 345 
75 165 0 0 
75 165 15 0 
75 165 15 60 
75 165 15 120 
75 165 15 180 
75 165 15 240 
75 165 15 300 
75 165 30 0 
75 165 30 30 
75 165 30 60 
75 165 30 90 
75 165 30 120 
75 165 30 150 
75 165 30 180 
75 165 30 210 
75 165 30 240 
75 165 30 270 
75 165 30 300 
75 165 30 330 
75 165 45 0 
75 165 45 20 
75 165 45 40 
75 165 45 60 
75 165 45 80 
75 165 45 100 
75 165 45 120 
75 165 45 140 
75 165 45 160 
75 165 45 180 
75 165 45 200 
75 165 45 220 
75 165 45 240 
75 165 45 260 
75 165 45 280 
75 165 45 300 
75 165 45 320 
75 165 45 340 
75 165 60 0 
75 165 60 18 
75 165 60 36 
75 165 60 54 
75 165 60 72 
75 165 60 90 
75 165 60 108 
75 165 60 126 
75 165 60 144 
75 165 60 162 
75 165 60 180 
75 165 60 198 
75 165 60 216 
75 165 60 234 
75 165 60 252 
75 165 60 270 
75 165 60 288 
75 165 60 306 
75 165 60 324 
75 165 60 342 
75 165 75 0 
75 165 75 15 
75 165 75 30 
75 165 75 45 
75 165 75 60 
75 165 75 75 
75 165 75 90 
75 165 75 105 
75 165 75 120 
75 165 75 135 
75 165 75 150 
75 165 75 165 
75 165 75 180 
75 165 75 195 
75 165 75 210 
75 165 75 225 
75 165 75 240 
75 165 75 255 
75 165 75 270 
75 165 75 285 
75 165 75 300 
75 165 75 315 
75 165 75 330 
75 165 75 345 
75 180 0 0 
75 180 15 0 
75 180 15 60 
75 180 15 120 
75 180 15 180 
75 180 15 240 
75 180 15 300 
75 180 30 0 
75 180 30 30 
75 180 30 60 
75 180 30 90 
75 180 30 120 
75 180 30 150 
75 180 30 180 
75 180 30 210 
75 180 30 240 
75 180 30 270 
75 180 30 300 
75 180 30 330 
75 180 45 0 
75 180 45 20 
75 180 45 40 
75 180 45 60 
75 180 45 80 
75 180 45 100 
75 180 45 120 
75 180 45 140 
75 180 45 160 
75 180 45 180 
75 180 45 200 
75 180 45 220 
75 180 45 240 
75 180 45 260 
75 180 45 280 
75 180 45 300 
75 180 45 320 
75 180 45 340 
75 180 60 0 
75 180 60 18 
75 180 60 36 
75 180 60 54 
75 180 60 72 
75 180 60 90 
75 180 60 108 
75 180 60 126 
75 180 60 144 
75 180 60 162 
75 180 60 180 
75 180 60 198 
75 180 60 216 
75 180 60 234 
75 180 60 252 
75 180 60 270 
75 180 60 288 
75 180 60 306 
75 180 60 324 
75 180 60 342 
75 180 75 0 
75 180 75 15 
75 180 75 30 
75 180 75 45 
75 180 75 60 
75 180 75 75 
75 180 75 90 
75 180 75 105 
75 180 75 120 
75 180 75 135 
75 180 75 150 
75 180 75 165 
75 180 75 180 
75 180 75 195 
75 180 75 210 
75 180 75 225 
75 180 75 240 
75 180 75 255 
75 180 75 270 
75 180 75 285 
75 180 75 300 
75 180 75 315 
75 180 75 330 
75 180 75 345 
75 195 0 0 
75 195 15 0 
75 195 15 60 
75 195 15 120 
75 195 15 180 
75 195 15 240 
75 195 15 300 
75 195 30 0 
75 195 30 30 
75 195 30 60 
75 195 30 90 
75 195 30 120 
75 195 30 150 
75 195 30 180 
75 195 30 210 
75 195 30 240 
75 195 30 270 
75 195 30 300 
75 195 30 330 
75 195 45 0 
75 195 45 20 
75 195 45 40 
75 195 45 60 
75 195 45 80 
75 195 45 100 
75 195 45 120 
75 195 45 140 
75 195 45 160 
75 195 45 180 
75 195 45 200 
75 195 45 220 
75 195 45 240 
75 195 45 260 
75 195 45 280 
75 195 45 300 
75 195 45 320 
75 195 45 340 
75 195 60 0 
75 195 60 18 
75 195 60 36 
75 195 60 54 
75 195 60 72 
75 195 60 90 
75 195 60 108 
75 195 60 126 
75 195 60 144 
75 195 60 162 
75 195 60 180 
75 195 60 198 
75 195 60 216 
75 195 60 234 
75 195 60 252 
75 195 60 270 
75 195 60 288 
75 195 60 306 
75 195 60 324 
75 195 60 342 
75 195 75 0 
75 195 75 15 
75 195 75 30 
75 195 75 45 
75 195 75 60 
75 195 75 75 
75 195 75 90 
75 195 75 105 
75 195 75 120 
75 195 75 135 
75 195 75 150 
75 195 75 165 
75 195 75 180 
75 195 75 195 
75 195 75 210 
75 195 75 225 
75 195 75 240 
75 195 75 255 
75 195 75 270 
75 195 75 285 
75 195 75 300 
75 195 75 315 
75 195 75 330 
75 195 75 345 
75 210 0 0 
75 210 15 0 
75 210 15 60 
75 210 15 120 
75 210 15 180 
75 210 15 240 
75 210 15 300 
75 210 30 0 
75 210 30 30 
75 210 30 60 
75 210 30 90 
75 210 30 120 
75 210 30 150 
75 210 30 180 
75 210 30 210 
75 210 30 240 
75 210 30 270 
75 210 30 300 
75 210 30 330 
75 210 45 0 
75 210 45 20 
75 210 45 40 
75 210 45 60 
75 210 45 80 
75 210 45 100 
75 210 45 120 
75 210 45 140 
75 210 45 160 
75 210 45 180 
75 210 45 200 
75 210 45 220 
75 210 45 240 
75 210 45 260 
75 210 45 280 
75 210 45 300 
75 210 45 320 
75 210 45 340 
75 210 60 0 
75 210 60 18 
75 210 60 36 
75 210 60 54 
75 210 60 72 
75 210 60 90 
75 210 60 108 
75 210 60 126 
75 210 60 144 
75 210 60 162 
75 210 60 180 
75 210 60 198 
75 210 60 216 
75 210 60 234 
75 210 60 252 
75 210 60 270 
75 210 60 288 
75 210 60 306 
75 210 60 324 
75 210 60 342 
75 210 75 0 
75 210 75 15 
75 210 75 30 
75 210 75 45 
75 210 75 60 
75 210 75 75 
75 210 75 90 
75 210 75 105 
75 210 75 120 
75 210 75 135 
75 210 75 150 
75 210 75 165 
75 210 75 180 
75 210 75 195 
75 210 75 210 
75 210 75 225 
75 210 75 240 
75 210 75 255 
75 210 75 270 
75 210 75 285 
75 210 75 300 
75 210 75 315 
75 210 75 330 
75 210 75 345 
75 225 0 0 
75 225 15 0 
75 225 15 60 
75 225 15 120 
75 225 15 180 
75 225 15 240 
75 225 15 300 
75 225 30 0 
75 225 30 30 
75 225 30 60 
75 225 30 90 
75 225 30 120 
75 225 30 150 
75 225 30 180 
75 225 30 210 
75 225 30 240 
75 225 30 270 
75 225 30 300 
75 225 30 330 
75 225 45 0 
75 225 45 20 
75 225 45 40 
75 225 45 60 
75 225 45 80 
75 225 45 100 
75 225 45 120 
75 225 45 140 
75 225 45 160 
75 225 45 180 
75 225 45 200 
75 225 45 220 
75 225 45 240 
75 225 45 260 
75 225 45 280 
75 225 45 300 
75 225 45 320 
75 225 45 340 
75 225 60 0 
75 225 60 18 
75 225 60 36 
75 225 60 54 
75 225 60 72 
75 225 60 90 
75 225 60 108 
75 225 60 126 
75 225 60 144 
75 225 60 162 
75 225 60 180 
75 225 60 198 
75 225 60 216 
75 225 60 234 
75 225 60 252 
75 225 60 270 
75 225 60 288 
75 225 60 306 
75 225 60 324 
75 225 60 342 
75 225 75 0 
75 225 75 15 
75 225 75 30 
75 225 75 45 
75 225 75 60 
75 225 75 75 
75 225 75 90 
75 225 75 105 
75 225 75 120 
75 225 75 135 
75 225 75 150 
75 225 75 165 
75 225 75 180 
75 225 75 195 
75 225 75 210 
75 225 75 225 
75 225 75 240 
75 225 75 255 
75 225 75 270 
75 225 75 285 
75 225 75 300 
75 225 75 315 
75 225 75 330 
75 225 75 345 
75 240 0 0 
75 240 15 0 
75 240 15 60 
75 240 15 120 
75 240 15 180 
75 240 15 240 
75 240 15 300 
75 240 30 0 
75 240 30 30 
75 240 30 60 
75 240 30 90 
75 240 30 120 
75 240 30 150 
75 240 30 180 
75 240 30 210 
75 240 30 240 
75 240 30 270 
75 240 30 300 
75 240 30 330 
75 240 45 0 
75 240 45 20 
75 240 45 40 
75 240 45 60 
75 240 45 80 
75 240 45 100 
75 240 45 120 
75 240 45 140 
75 240 45 160 
75 240 45 180 
75 240 45 200 
75 240 45 220 
75 240 45 240 
75 240 45 260 
75 240 45 280 
75 240 45 300 
75 240 45 320 
75 240 45 340 
75 240 60 0 
75 240 60 18 
75 240 60 36 
75 240 60 54 
75 240 60 72 
75 240 60 90 
75 240 60 108 
75 240 60 126 
75 240 60 144 
75 240 60 162 
75 240 60 180 
75 240 60 198 
75 240 60 216 
75 240 60 234 
75 240 60 252 
75 240 60 270 
75 240 60 288 
75 240 60 306 
75 240 60 324 
75 240 60 342 
75 240 75 0 
75 240 75 15 
75 240 75 30 
75 240 75 45 
75 240 75 60 
75 240 75 75 
75 240 75 90 
75 240 75 105 
75 240 75 120 
75 240 75 135 
75 240 75 150 
75 240 75 165 
75 240 75 180 
75 240 75 195 
75 240 75 210 
75 240 75 225 
75 240 75 240 
75 240 75 255 
75 240 75 270 
75 240 75 285 
75 240 75 300 
75 240 75 315 
75 240 75 330 
75 240 75 345 
75 255 0 0 
75 255 15 0 
75 255 15 60 
75 255 15 120 
75 255 15 180 
75 255 15 240 
75 255 15 300 
75 255 30 0 
75 255 30 30 
75 255 30 60 
75 255 30 90 
75 255 30 120 
75 255 30 150 
75 255 30 180 
75 255 30 210 
75 255 30 240 
75 255 30 270 
75 255 30 300 
75 255 30 330 
75 255 45 0 
75 255 45 20 
75 255 45 40 
75 255 45 60 
75 255 45 80 
75 255 45 100 
75 255 45 120 
75 255 45 140 
75 255 45 160 
75 255 45 180 
75 255 45 200 
75 255 45 220 
75 255 45 240 
75 255 45 260 
75 255 45 280 
75 255 45 300 
75 255 45 320 
75 255 45 340 
75 255 60 0 
75 255 60 18 
75 255 60 36 
75 255 60 54 
75 255 60 72 
75 255 60 90 
75 255 60 108 
75 255 60 126 
75 255 60 144 
75 255 60 162 
75 255 60 180 
75 255 60 198 
75 255 60 216 
75 255 60 234 
75 255 60 252 
75 255 60 270 
75 255 60 288 
75 255 60 306 
75 255 60 324 
75 255 60 342 
75 255 75 0 
75 255 75 15 
75 255 75 30 
75 255 75 45 
75 255 75 60 
75 255 75 75 
75 255 75 90 
75 255 75 105 
75 255 75 120 
75 255 75 135 
75 255 75 150 
75 255 75 165 
75 255 75 180 
75 255 75 195 
75 255 75 210 
75 255 75 225 
75 255 75 240 
75 255 75 255 
75 255 75 270 
75 255 75 285 
75 255 75 300 
75 255 75 315 
75 255 75 330 
75 255 75 345 
75 270 0 0 
75 270 15 0 
75 270 15 60 
75 270 15 120 
75 270 15 180 
75 270 15 240 
75 270 15 300 
75 270 30 0 
75 270 30 30 
75 270 30 60 
75 270 30 90 
75 270 30 120 
75 270 30 150 
75 270 30 180 
75 270 30 210 
75 270 30 240 
75 270 30 270 
75 270 30 300 
75 270 30 330 
75 270 45 0 
75 270 45 20 
75 270 45 40 
75 270 45 60 
75 270 45 80 
75 270 45 100 
75 270 45 120 
75 270 45 140 
75 270 45 160 
75 270 45 180 
75 270 45 200 
75 270 45 220 
75 270 45 240 
75 270 45 260 
75 270 45 280 
75 270 45 300 
75 270 45 320 
75 270 45 340 
75 270 60 0 
75 270 60 18 
75 270 60 36 
75 270 60 54 
75 270 60 72 
75 270 60 90 
75 270 60 108 
75 270 60 126 
75 270 60 144 
75 270 60 162 
75 270 60 180 
75 270 60 198 
75 270 60 216 
75 270 60 234 
75 270 60 252 
75 270 60 270 
75 270 60 288 
75 270 60 306 
75 270 60 324 
75 270 60 342 
75 270 75 0 
75 270 75 15 
75 270 75 30 
75 270 75 45 
75 270 75 60 
75 270 75 75 
75 270 75 90 
75 270 75 105 
75 270 75 120 
75 270 75 135 
75 270 75 150 
75 270 75 165 
75 270 75 180 
75 270 75 195 
75 270 75 210 
75 270 75 225 
75 270 75 240 
75 270 75 255 
75 270 75 270 
75 270 75 285 
75 270 75 300 
75 270 75 315 
75 270 75 330 
75 270 75 345 
75 285 0 0 
75 285 15 0 
75 285 15 60 
75 285 15 120 
75 285 15 180 
75 285 15 240 
75 285 15 300 
75 285 30 0 
75 285 30 30 
75 285 30 60 
75 285 30 90 
75 285 30 120 
75 285 30 150 
75 285 30 180 
75 285 30 210 
75 285 30 240 
75 285 30 270 
75 285 30 300 
75 285 30 330 
75 285 45 0 
75 285 45 20 
75 285 45 40 
75 285 45 60 
75 285 45 80 
75 285 45 100 
75 285 45 120 
75 285 45 140 
75 285 45 160 
75 285 45 180 
75 285 45 200 
75 285 45 220 
75 285 45 240 
75 285 45 260 
75 285 45 280 
75 285 45 300 
75 285 45 320 
75 285 45 340 
75 285 60 0 
75 285 60 18 
75 285 60 36 
75 285 60 54 
75 285 60 72 
75 285 60 90 
75 285 60 108 
75 285 60 126 
75 285 60 144 
75 285 60 162 
75 285 60 180 
75 285 60 198 
75 285 60 216 
75 285 60 234 
75 285 60 252 
75 285 60 270 
75 285 60 288 
75 285 60 306 
75 285 60 324 
75 285 60 342 
75 285 75 0 
75 285 75 15 
75 285 75 30 
75 285 75 45 
75 285 75 60 
75 285 75 75 
75 285 75 90 
75 285 75 105 
75 285 75 120 
75 285 75 135 
75 285 75 150 
75 285 75 165 
75 285 75 180 
75 285 75 195 
75 285 75 210 
75 285 75 225 
75 285 75 240 
75 285 75 255 
75 285 75 270 
75 285 75 285 
75 285 75 300 
75 285 75 315 
75 285 75 330 
75 285 75 345 
75 300 0 0 
75 300 15 0 
75 300 15 60 
75 300 15 120 
75 300 15 180 
75 300 15 240 
75 300 15 300 
75 300 30 0 
75 300 30 30 
75 300 30 60 
75 300 30 90 
75 300 30 120 
75 300 30 150 
75 300 30 180 
75 300 30 210 
75 300 30 240 
75 300 30 270 
75 300 30 300 
75 300 30 330 
75 300 45 0 
75 300 45 20 
75 300 45 40 
75 300 45 60 
75 300 45 80 
75 300 45 100 
75 300 45 120 
75 300 45 140 
75 300 45 160 
75 300 45 180 
75 300 45 200 
75 300 45 220 
75 300 45 240 
75 300 45 260 
75 300 45 280 
75 300 45 300 
75 300 45 320 
75 300 45 340 
75 300 60 0 
75 300 60 18 
75 300 60 36 
75 300 60 54 
75 300 60 72 
75 300 60 90 
75 300 60 108 
75 300 60 126 
75 300 60 144 
75 300 60 162 
75 300 60 180 
75 300 60 198 
75 300 60 216 
75 300 60 234 
75 300 60 252 
75 300 60 270 
75 300 60 288 
75 300 60 306 
75 300 60 324 
75 300 60 342 
75 300 75 0 
75 300 75 15 
75 300 75 30 
75 300 75 45 
75 300 75 60 
75 300 75 75 
75 300 75 90 
75 300 75 105 
75 300 75 120 
75 300 75 135 
75 300 75 150 
75 300 75 165 
75 300 75 180 
75 300 75 195 
75 300 75 210 
75 300 75 225 
75 300 75 240 
75 300 75 255 
75 300 75 270 
75 300 75 285 
75 300 75 300 
75 300 75 315 
75 300 75 330 
75 300 75 345 
75 315 0 0 
75 315 15 0 
75 315 15 60 
75 315 15 120 
75 315 15 180 
75 315 15 240 
75 315 15 300 
75 315 30 0 
75 315 30 30 
75 315 30 60 
75 315 30 90 
75 315 30 120 
75 315 30 150 
75 315 30 180 
75 315 30 210 
75 315 30 240 
75 315 30 270 
75 315 30 300 
75 315 30 330 
75 315 45 0 
75 315 45 20 
75 315 45 40 
75 315 45 60 
75 315 45 80 
75 315 45 100 
75 315 45 120 
75 315 45 140 
75 315 45 160 
75 315 45 180 
75 315 45 200 
75 315 45 220 
75 315 45 240 
75 315 45 260 
75 315 45 280 
75 315 45 300 
75 315 45 320 
75 315 45 340 
75 315 60 0 
75 315 60 18 
75 315 60 36 
75 315 60 54 
75 315 60 72 
75 315 60 90 
75 315 60 108 
75 315 60 126 
75 315 60 144 
75 315 60 162 
75 315 60 180 
75 315 60 198 
75 315 60 216 
75 315 60 234 
75 315 60 252 
75 315 60 270 
75 315 60 288 
75 315 60 306 
75 315 60 324 
75 315 60 342 
75 315 75 0 
75 315 75 15 
75 315 75 30 
75 315 75 45 
75 315 75 60 
75 315 75 75 
75 315 75 90 
75 315 75 105 
75 315 75 120 
75 315 75 135 
75 315 75 150 
75 315 75 165 
75 315 75 180 
75 315 75 195 
75 315 75 210 
75 315 75 225 
75 315 75 240 
75 315 75 255 
75 315 75 270 
75 315 75 285 
75 315 75 300 
75 315 75 315 
75 315 75 330 
75 315 75 345 
75 330 0 0 
75 330 15 0 
75 330 15 60 
75 330 15 120 
75 330 15 180 
75 330 15 240 
75 330 15 300 
75 330 30 0 
75 330 30 30 
75 330 30 60 
75 330 30 90 
75 330 30 120 
75 330 30 150 
75 330 30 180 
75 330 30 210 
75 330 30 240 
75 330 30 270 
75 330 30 300 
75 330 30 330 
75 330 45 0 
75 330 45 20 
75 330 45 40 
75 330 45 60 
75 330 45 80 
75 330 45 100 
75 330 45 120 
75 330 45 140 
75 330 45 160 
75 330 45 180 
75 330 45 200 
75 330 45 220 
75 330 45 240 
75 330 45 260 
75 330 45 280 
75 330 45 300 
75 330 45 320 
75 330 45 340 
75 330 60 0 
75 330 60 18 
75 330 60 36 
75 330 60 54 
75 330 60 72 
75 330 60 90 
75 330 60 108 
75 330 60 126 
75 330 60 144 
75 330 60 162 
75 330 60 180 
75 330 60 198 
75 330 60 216 
75 330 60 234 
75 330 60 252 
75 330 60 270 
75 330 60 288 
75 330 60 306 
75 330 60 324 
75 330 60 342 
75 330 75 0 
75 330 75 15 
75 330 75 30 
75 330 75 45 
75 330 75 60 
75 330 75 75 
75 330 75 90 
75 330 75 105 
75 330 75 120 
75 330 75 135 
75 330 75 150 
75 330 75 165 
75 330 75 180 
75 330 75 195 
75 330 75 210 
75 330 75 225 
75 330 75 240 
75 330 75 255 
75 330 75 270 
75 330 75 285 
75 330 75 300 
75 330 75 315 
75 330 75 330 
75 330 75 345 
75 345 0 0 
75 345 15 0 
75 345 15 60 
75 345 15 120 
75 345 15 180 
75 345 15 240 
75 345 15 300 
75 345 30 0 
75 345 30 30 
75 345 30 60 
75 345 30 90 
75 345 30 120 
75 345 30 150 
75 345 30 180 
75 345 30 210 
75 345 30 240 
75 345 30 270 
75 345 30 300 
75 345 30 330 
75 345 45 0 
75 345 45 20 
75 345 45 40 
75 345 45 60 
75 345 45 80 
75 345 45 100 
75 345 45 120 
75 345 45 140 
75 345 45 160 
75 345 45 180 
75 345 45 200 
75 345 45 220 
75 345 45 240 
75 345 45 260 
75 345 45 280 
75 345 45 300 
75 345 45 320 
75 345 45 340 
75 345 60 0 
75 345 60 18 
75 345 60 36 
75 345 60 54 
75 345 60 72 
75 345 60 90 
75 345 60 108 
75 345 60 126 
75 345 60 144 
75 345 60 162 
75 345 60 180 
75 345 60 198 
75 345 60 216 
75 345 60 234 
75 345 60 252 
75 345 60 270 
75 345 60 288 
75 345 60 306 
75 345 60 324 
75 345 60 342 
75 345 75 0 
75 345 75 15 
75 345 75 30 
75 345 75 45 
75 345 75 60 
75 345 75 75 
75 345 75 90 
75 345 75 105 
75 345 75 120 
75 345 75 135 
75 345 75 150 
75 345 75 165 
75 345 75 180 
75 345 75 195 
75 345 75 210 
75 345 75 225 
75 345 75 240 
75 345 75 255 
75 345 75 270 
75 345 75 285 
75 345 75 300 
75 345 75 315 
75 345 75 330 
75 345 75 345 
